item	roi	word	surprisal	retrieval,surprisal
2	1	वह	0.00071	51.0,0.10484
2	2	लड़का	0.20139	174.30855296529043,0.88503
2	3	जिसने	0.00893	51.00000000000003,0.05763
2	4	किताब	1.16949	196.6171059305808,0.58196
2	5	बहुत	0.04601	51.0,0.13633
2	6	दिलचस्पी	0.59214	218.92565889587127,2.57874
2	7	से	0.01315	123.30855296529046,0.12449
2	8	पढ़ी	1.23694	682.1097982404541,0.16913
2	9	थी	0.00221	123.30855296529035,0.00475
2	10	मेरा	0.19699	244.57055928758768,0.82127
2	11	दोस्त	0.17546	421.5681967394539,0.88361
2	12	है।	0.56791	244.21599200755873,0.72276
4	1	वह	0.00071	51.0,0.10484
4	2	लड़का	0.20139	174.30855296529043,0.88503
4	3	जिसने	0.00893	51.00000000000003,0.05763
4	4	बहुत	0.07137	51.0,0.12019
4	5	दिलचस्पी	0.87761	196.6171059305808,1.71905
4	6	से	0.01281	123.30855296529046,0.12449
4	7	पढ़ी	1.29850	669.5958665535985,0.16913
4	8	थी	0.00221	123.30855296529035,0.00475
4	9	किताब	0.12832	291.3558389313814,0.66873
4	10	मेरा	0.48134	292.8730417452109,1.40813
4	11	दोस्त	0.17900	506.300951046165,0.74425
4	12	है।	0.56791	264.271982043339,0.72276
6	1	वह	0.00071	51.0,0.10484
6	2	किताब	0.20149	174.30855296529043,0.88503
6	3	जिसको	0.00893	51.00000000000003,0.05763
6	4	उस	0.02087	51.0,0.08714
6	5	लड़के	0.65505	196.6171059305808,1.15604
6	6	ने	0.01345	123.30855296529046,0.15816
6	7	बहुत	0.03389	101.0,0.1337
6	8	दिलचस्पी	0.50497	218.92565889587127,2.61947
6	9	से	0.01315	145.6171059305808,0.12449
6	10	पढ़ा	1.55801	929.0068749927816,0.16913
6	11	था	0.00219	123.30855296529035,0.00447
6	12	बहुत	0.10175	197.78527964379373,0.3884
6	13	मोटी	0.17535	215.17868526501115,0.37364
6	14	है।	0.18531	229.858571896822,0.14586
8	1	वह	0.00071	51.0,0.10484
8	2	किताब	0.20149	174.30855296529043,0.88503
8	3	जिसको	0.00893	51.00000000000003,0.05763
8	4	बहुत	0.07143	51.0,0.12019
8	5	दिलचस्पी	0.87817	196.6171059305808,1.71905
8	6	से	0.01281	123.30855296529046,0.12449
8	7	पढ़ा	1.29679	669.5958665535985,0.16913
8	8	था	0.00219	123.30855296529035,0.00447
8	9	उस	0.20965	244.57055928758768,0.66822
8	10	लड़के	0.16060	353.92614755459044,0.67069
8	11	ने	0.16332	145.6171059305807,0.31225
8	12	बहुत	0.56888	400.37939446463315,1.3856
8	13	मोटी	0.23319	266.5730541959656,0.6377
8	14	है।	0.18848	277.3266459126635,0.15104
10	1	वह	0.00071	51.0,0.10484
10	2	बच्चा	0.20119	174.30855296529043,0.88546
10	3	जिसने	0.00895	51.00000000000003,0.05615
10	4	रोटी	1.17027	196.6171059305808,0.58196
10	5	बहुत	0.04599	51.0,0.13633
10	6	जल्दी	0.85671	51.0,1.60613
10	7	से	0.69244	51.0,0.77508
10	8	खायी	1.24917	920.6942901181019,0.32317
10	9	थी	0.00320	123.30855296529035,0.00345
10	10	मेरा	0.21364	244.57055928758768,0.93573
10	11	भतीजा	0.22636	353.92614755459044,0.73649
10	12	है।	0.59136	240.60553608901955,0.22633
12	1	वह	0.00071	51.0,0.10484
12	2	बच्चा	0.20119	174.30855296529043,0.88546
12	3	जिसने	0.00895	51.00000000000003,0.05615
12	4	बहुत	0.07137	51.0,0.12019
12	5	जल्दी	0.64123	51.0,1.53771
12	6	से	0.69244	51.0,0.79992
12	7	खायी	1.28106	910.8207512500302,0.25957
12	8	थी	0.00320	123.30855296529035,0.00345
12	9	रोटी	0.17907	244.57055928758768,0.48695
12	10	मेरा	0.49800	286.28409836972696,1.5226
12	11	भतीजा	0.22990	408.5300900221798,0.76872
12	12	है।	0.59136	257.56278934042484,0.22633
14	1	वह	0.00071	51.0,0.10484
14	2	रोटी	0.20158	174.30855296529043,0.88503
14	3	जिसको	0.00893	51.00000000000003,0.05763
14	4	उस	0.02087	51.0,0.08714
14	5	बच्चे	0.65814	196.6171059305808,1.18201
14	6	ने	0.01344	123.30855296529046,0.15782
14	7	बहुत	0.03403	101.0,0.1296
14	8	जल्दी	0.50204	51.0,1.568
14	9	से	0.69244	51.0,0.77508
14	10	खाया	1.44853	1161.7183570016923,0.31709
14	11	था	0.00317	123.30855296529035,0.00324
14	12	दो	0.18429	197.78527964379373,0.45852
14	13	दिन	0.21286	343.5360557950344,0.59341
14	14	पुरानी	0.58901	237.43621723153638,0.53282
14	15	है।	0.17392	249.93525798540577,0.13237
16	1	वह	0.00071	51.0,0.10484
16	2	रोटी	0.20158	174.30855296529043,0.88503
16	3	जिसको	0.00893	51.00000000000003,0.05763
16	4	बहुत	0.07143	51.0,0.12019
16	5	जल्दी	0.64123	51.0,1.53771
16	6	से	0.69244	51.0,0.79992
16	7	खाया	1.28116	910.8207512500302,0.25817
16	8	था	0.00317	123.30855296529035,0.00324
16	9	उस	0.22087	244.57055928758768,0.90671
16	10	बच्चे	0.21117	286.28409836972696,0.50922
16	11	ने	0.16322	123.30855296529057,0.30865
16	12	दो	0.60649	296.1854709795084,0.78991
16	13	दिन	0.26223	472.19083648435617,0.60803
16	14	पुरानी	0.58901	277.76900469345037,0.53282
16	15	है।	0.17392	288.04351213643304,0.13237
18	1	वह	0.00071	51.0,0.10484
18	2	आदमी	0.20192	174.30855296529043,0.89087
18	3	जिसने	0.00896	51.00000000000003,0.05765
18	4	सब्जीयाँ	1.17086	196.6171059305808,0.58196
18	5	धीरे-धीरे	0.09735	51.0,0.46413
18	6	चुनी	0.95149	551.0316642945904,0.29432
18	7	थीं	0.00346	123.30855296529035,0.00424
18	8	मेरे	0.22392	244.57055928758768,0.92002
18	9	मुहल्ले	0.23578	353.92614755459044,0.86735
18	10	में	0.14898	123.30855296529035,0.11021
18	11	रहता	0.71417	398.1835992545366,0.15136
18	12	है।	0.79093	265.5338854803754,0.50439
20	1	वह	0.00071	51.0,0.10484
20	2	आदमी	0.20192	174.30855296529043,0.89087
20	3	जिसने	0.00896	51.00000000000003,0.05765
20	4	धीरे-धीरे	0.14371	51.0,0.41509
20	5	चुनी	0.99632	537.5364587679538,0.23347
20	6	थीं	0.00346	123.30855296529046,0.00424
20	7	सब्जीयाँ	0.18865	244.5705592875878,0.59073
20	8	मेरे	0.50795	286.28409836972696,1.50579
20	9	मुहल्ले	0.23931	408.5300900221798,0.73001
20	10	में	0.14898	123.30855296529035,0.11021
20	11	रहता	0.71417	429.44534513055487,0.15655
20	12	है।	0.79093	280.4200421517917,0.50439
22	1	वह	0.00071	51.0,0.10484
22	2	सब्जीयाँ	0.20154	174.30855296529043,0.88503
22	3	जिनको	0.00893	51.00000000000003,0.05763
22	4	उस	0.02087	51.0,0.08714
22	5	आदमी	0.65378	196.6171059305808,1.16663
22	6	ने	0.01345	123.30855296529046,0.15734
22	7	धीरे-धीरे	0.07217	101.0,0.43695
22	8	चुना	1.17949	779.8074791568455,0.28574
22	9	था	0.00335	123.30855296529035,0.00396
22	10	बहुत	0.14205	197.78527964379396,0.34041
22	11	महंगी	0.21797	215.1786852650116,0.3338
22	12	हैं।	0.42345	308.717143793644,0.33063
24	1	वह	0.00071	51.0,0.10484
24	2	सब्जीयाँ	0.20154	174.30855296529043,0.88503
24	3	जिनको	0.00893	51.00000000000003,0.05763
24	4	धीरे-धीरे	0.14385	51.0,0.41509
24	5	चुना	0.99341	537.5364587679538,0.23303
24	6	था	0.00335	123.30855296529046,0.00396
24	7	उस	0.23124	244.5705592875878,0.75622
24	8	आदमी	0.22103	286.28409836972696,0.59979
24	9	ने	0.16311	123.30855296529035,0.3109
24	10	बहुत	0.62796	296.1854709795084,0.66154
24	11	महंगी	0.27065	258.06361216145183,0.35136
24	12	हैं।	0.42345	387.4814603019704,0.33063
26	1	वह	0.00071	51.0,0.10484
26	2	बच्ची	0.20169	174.30855296529043,0.88503
26	3	जिसने	0.00892	51.00000000000003,0.05763
26	4	मिठाई	0.07692	51.0,0.40182
26	5	आराम	0.92618	196.6171059305808,2.28668
26	6	से	0.01338	123.30855296529046,0.12512
26	7	खायी	1.28637	669.5958665535985,0.1672
26	8	थी	0.00221	123.30855296529035,0.00469
26	9	मेरी	0.19706	244.57055928758768,0.8395
26	10	बहन	0.17539	353.92614755459044,0.86528
26	11	है।	0.56828	240.60553608901955,0.72143
28	1	वह	0.00071	51.0,0.10484
28	2	बच्ची	0.20169	174.30855296529043,0.88503
28	3	जिसने	0.00892	51.00000000000003,0.05763
28	4	आराम	1.17045	196.6171059305808,0.58794
28	5	से	0.01315	123.30855296529046,0.1229
28	6	खायी	1.01659	477.54969187468475,0.22487
28	7	थी	0.00221	123.30855296529035,0.00469
28	8	मिठाई	0.12823	291.3558389313814,0.66161
28	9	मेरी	0.48134	292.8730417452109,1.42309
28	10	बहन	0.17893	506.3009510461645,0.72817
28	11	है।	0.56828	264.271982043339,0.72143
30	1	वह	0.00071	51.0,0.10484
30	2	मिठाई	0.20173	174.30855296529043,0.88503
30	3	जिसको	0.00893	51.00000000000003,0.05763
30	4	उस	0.02087	51.0,0.08714
30	5	बच्ची	0.65471	196.6171059305808,1.15604
30	6	ने	0.01344	123.30855296529046,0.15816
30	7	आराम	0.67574	101.0,0.64008
30	8	से	0.01410	145.6171059305808,0.1291
30	9	खाया	1.56853	895.6554648046501,0.27584
30	10	था	0.00219	123.30855296529035,0.00441
30	11	बहुत	0.10180	197.78527964379396,0.38282
30	12	मीठी	0.17552	215.17868526501115,0.36557
30	13	होती	0.22585	308.717143793644,0.11787
30	14	है।	0.61355	247.07922868292553,0.57611
32	1	वह	0.00071	51.0,0.10484
32	2	मिठाई	0.20173	174.30855296529043,0.88503
32	3	जिसको	0.00893	51.00000000000003,0.05763
32	4	आराम	1.16989	196.6171059305808,0.58794
32	5	से	0.01315	123.30855296529046,0.1229
32	6	खाया	1.01627	477.54969187468475,0.22398
32	7	था	0.00219	123.30855296529035,0.00441
32	8	उस	0.20978	244.57055928758768,0.67728
32	9	बच्ची	0.16068	353.92614755459044,0.66355
32	10	ने	0.16322	145.61710593058092,0.31225
32	11	बहुत	0.58744	300.6896972323168,0.70278
32	12	मीठी	0.22821	262.2849151185146,0.38314
32	13	होती	0.22585	395.48949380375825,0.11787
32	14	है।	0.61355	288.1242851889965,0.57611
34	1	वह	0.00071	51.0,0.10484
34	2	औरत	0.20173	174.30855296529043,0.88503
34	3	जिसने	0.00892	51.00000000000003,0.05763
34	4	नाव	1.17051	196.6171059305808,0.58196
34	5	पिछले	0.04424	51.0,0.51162
34	6	हफ्ते	0.65226	218.92565889587127,2.45073
34	7	खरीदी	1.22938	583.6876736463319,0.16514
34	8	थी	0.00454	123.30855296529035,0.00428
34	9	इस	0.30127	244.57055928758768,0.94919
34	10	गाँव	0.28168	421.5681967394537,0.56795
34	11	की	0.14020	123.30855296529035,0.24776
34	12	सरपंच	0.78278	710.4215352214715,0.91117
34	13	है।	0.80747	280.71114307772314,0.25467
36	1	वह	0.00071	51.0,0.10484
36	2	औरत	0.20173	174.30855296529043,0.88503
36	3	जिसने	0.00892	51.00000000000003,0.05763
36	4	पिछले	0.08825	51.0,0.5069
36	5	हफ्ते	0.96335	196.6171059305808,1.79677
36	6	खरीदी	1.29103	569.3836828871933,0.16514
36	7	थी	0.00454	123.30855296529035,0.00428
36	8	नाव	0.24534	291.35583893138164,0.58628
36	9	इस	0.58515	292.8730417452109,1.25179
36	10	गाँव	0.28457	506.3009510461645,0.59755
36	11	की	0.14020	123.30855296529035,0.24776
36	12	सरपंच	0.78278	803.5307621186103,0.91117
36	13	है।	0.80747	298.90160896982616,0.25467
38	1	वह	0.00071	51.0,0.10484
38	2	नाव	0.20195	174.30855296529043,0.88503
38	3	जिसको	0.00895	51.00000000000003,0.05763
38	4	उस	0.02087	51.0,0.08714
38	5	औरत	0.65454	196.6171059305808,1.15604
38	6	ने	0.01345	123.30855296529046,0.15816
38	7	पिछले	0.03238	101.0,0.484
38	8	हफ्ते	0.52696	218.92565889587127,2.48666
38	9	खरीदा	1.54982	818.3488258654837,0.16516
38	10	था	0.00449	123.30855296529035,0.00404
38	11	बहुत	0.18074	197.78527964379373,0.33843
38	12	प्रसिद्ध	0.25955	279.35737053002276,0.33271
38	13	है।	0.23979	233.7341948981907,0.14684
40	1	वह	0.00071	51.0,0.10484
40	2	नाव	0.20195	174.30855296529043,0.88503
40	3	जिसको	0.00895	51.00000000000003,0.05763
40	4	पिछले	0.08833	51.0,0.5069
40	5	हफ्ते	0.96398	196.6171059305808,1.79677
40	6	खरीदा	1.28902	569.3836828871933,0.16516
40	7	था	0.00449	123.30855296529035,0.00404
40	8	उस	0.25628	244.57055928758768,0.76502
40	9	औरत	0.27769	353.92614755459044,0.60303
40	10	ने	0.16328	123.30855296529035,0.31225
40	11	बहुत	0.65294	299.59179962726853,1.30659
40	12	﻿प्रसिद्ध	0.31744	371.5078318445426,0.34702
40	13	है।	0.24293	276.6232382863559,0.15201
42	1	वह	0.00071	51.0,0.10484
42	2	लड़की	0.20150	174.30855296529043,0.88503
42	3	जिसने	0.00893	51.00000000000003,0.05763
42	4	कविता	1.17029	196.6171059305808,0.58196
42	5	सारे	0.04724	51.0,0.1762
42	6	लोगो	0.58727	218.92565889587127,2.59854
42	7	के	0.00897	123.30855296529046,0.09423
42	8	सामने	0.15843	197.78527964379384,0.5674
42	9	गायी	1.24424	722.150665217393,0.1804
42	10	थी	0.00334	123.30855296529035,0.00421
42	11	बहुत	0.14075	197.78527964379396,0.33823
42	12	गरीब	0.21690	215.17868526501115,0.33374
42	13	है।	0.21225	229.858571896822,0.14586
44	1	वह	0.00071	51.0,0.10484
44	2	लड़की	0.20150	174.30855296529043,0.88503
44	3	जिसने	0.00893	51.00000000000003,0.05763
44	4	सारे	0.07308	51.0,0.15555
44	5	लोगो	0.86915	196.6171059305808,1.74404
44	6	के	0.00873	123.30855296529046,0.09423
44	7	सामने	0.15528	197.78527964379384,0.5674
44	8	गायी	1.30608	710.9635999683162,0.1804
44	9	थी	0.00334	123.30855296529035,0.00421
44	10	कविता	0.18623	291.3558389313814,0.58595
44	11	बहुत	0.46383	221.93652087260534,0.58763
44	12	गरीब	0.21968	235.83929199468594,0.34101
44	13	है।	0.21225	248.46326420357445,0.14586
46	1	वह	0.00071	51.0,0.10484
46	2	कविता	0.20180	174.30855296529043,0.88503
46	3	जिसको	0.00895	51.00000000000003,0.05763
46	4	उस	0.02087	51.0,0.08714
46	5	लड़की	0.65510	196.6171059305808,1.15604
46	6	ने	0.01344	123.30855296529046,0.15816
46	7	सारे	0.03474	101.0,0.17022
46	8	लोगो	0.50327	218.92565889587127,2.64255
46	9	के	0.00897	145.6171059305808,0.09423
46	10	सामने	0.15843	200.05665267703785,0.5674
46	11	गाया	1.56579	975.657032594399,0.18026
46	12	था	0.00331	123.30855296529035,0.00397
46	13	काफी	0.17611	244.57055928758746,0.73265
46	14	पुरानी	0.21853	218.64204918486348,0.3361
46	15	है।	0.21555	232.90857074504083,0.15179
48	1	वह	0.00071	51.0,0.10484
48	2	कविता	0.20180	174.30855296529043,0.88503
48	3	जिसको	0.00895	51.00000000000003,0.05763
48	4	सारे	0.07314	51.0,0.15555
48	5	लोगो	0.86971	196.6171059305808,1.74404
48	6	के	0.00873	123.30855296529046,0.09423
48	7	सामने	0.15528	197.78527964379384,0.5674
48	8	गाया	1.30494	710.9635999683162,0.18026
48	9	था	0.00331	123.30855296529035,0.00397
48	10	उस	0.23243	244.57055928758768,0.7638
48	11	लड़की	0.21866	353.92614755459044,0.60339
48	12	ने	0.16316	145.6171059305807,0.31225
48	13	काफी	0.61032	400.37939446463315,1.09787
48	14	पुरानी	0.27381	266.5730541959656,0.35258
48	15	है।	0.21555	277.3266459126635,0.15179
50	1	वह	0.00071	51.0,0.10484
50	2	आदमी	0.20192	174.30855296529043,0.89087
50	3	जिसने	0.00896	51.00000000000003,0.05765
50	4	स्कूटर	1.17145	196.6171059305808,0.57737
50	5	बड़ी	0.04535	51.0,0.52236
50	6	मेहनत	0.65965	218.92565889587127,2.45678
50	7	से	0.01303	123.30855296529046,0.12406
50	8	साफ	0.05122	101.0,0.5266
50	9	की	0.59936	791.1282726796868,0.1937
50	10	थी	0.00304	123.30855296529035,0.00392
50	11	पुराना	0.16090	291.3558389313814,0.24364
50	12	कर्मचारी	0.21413	434.7460834904218,0.63399
50	13	है।	0.58705	247.30346648934164,0.2474
52	1	वह	0.00071	51.0,0.10484
52	2	आदमी	0.20192	174.30855296529043,0.89087
52	3	जिसने	0.00896	51.00000000000003,0.05765
52	4	बड़ी	0.09072	51.0,0.51819
52	5	मेहनत	0.97552	196.6171059305808,1.79406
52	6	से	0.01270	123.30855296529046,0.12406
52	7	साफ	0.05091	101.0,0.5266
52	8	की	0.62676	779.8074791568455,0.1937
52	9	थी	0.00304	123.30855296529035,0.00392
52	10	स्कूटर	0.17069	291.3558389313814,0.56442
52	11	पुराना	0.43536	363.8095626178165,0.51028
52	12	कर्मचारी	0.21751	521.5593665933498,0.64045
52	13	है।	0.58705	267.92585249531294,0.2474
54	1	वह	0.00071	51.0,0.10484
54	2	स्कूटर	0.20177	174.30855296529043,0.88197
54	3	जिसको	0.00893	51.00000000000003,0.05753
54	4	उस	0.02087	51.0,0.08714
54	5	आदमी	0.65373	196.6171059305808,1.16663
54	6	ने	0.01345	123.30855296529046,0.15734
54	7	बड़ी	0.03343	101.0,0.49489
54	8	मेहनत	0.53502	218.92565889587127,2.49034
54	9	से	0.01303	145.6171059305808,0.12406
54	10	साफ	0.05122	101.0,0.5266
54	11	किया	0.80005	1043.4003499724124,0.17779
54	12	था	0.00246	123.30855296529035,0.00371
54	13	बैटरी	0.14224	338.14111857517537,0.57037
54	14	से	0.25266	167.92565889587104,0.31596
54	15	चलती	0.46724	375.52919052226844,0.2075
54	16	है।	0.80715	254.88315466275571,0.56501
56	1	वह	0.00071	51.0,0.10484
56	2	स्कूटर	0.20177	174.30855296529043,0.88197
56	3	जिसको	0.00893	51.00000000000003,0.05753
56	4	बड़ी	0.09080	51.0,0.51819
56	5	मेहनत	0.97616	196.6171059305808,1.79251
56	6	से	0.01270	123.30855296529046,0.12406
56	7	साफ	0.05091	101.0,0.5266
56	8	किया	0.69147	779.8074791568455,0.17779
56	9	था	0.00246	123.30855296529035,0.00371
56	10	उस	0.18192	244.57055928758768,0.77828
56	11	आदमी	0.17480	353.92614755459044,0.58538
56	12	ने	0.16311	145.6171059305807,0.3109
56	13	बैटरी	0.67917	599.7587889292663,0.89796
56	14	से	0.11555	167.9256588958715,0.26975
56	15	चलती	0.86522	465.0401811821748,0.24032
56	16	है।	0.80715	297.5584407646338,0.56501
58	1	वह	0.00054	51.0,0.03664
58	2	माली	0.11968	51.0,0.47577
58	3	जिसने	0.02160	51.0,0.36759
58	4	लकड़ी	1.24746	174.30855296529046,0.5322
58	5	बहुत	0.05304	51.0,0.13633
58	6	दिलचस्पी	0.65896	196.6171059305808,4.02857
58	7	से	0.01315	123.30855296529046,0.11257
58	8	रखी	1.95785	891.0763954038933,0.12308
58	9	थी	0.00220	123.30855296529035,0.00471
58	10	बहुत	0.10146	197.78527964379396,0.38529
58	11	बूढ़ा	0.17496	215.1786852650116,0.36731
58	12	है।	0.18512	229.858571896822,0.14558
60	1	वह	0.00071	51.0,0.10484
60	2	माली	0.20177	174.30855296529043,0.88503
60	3	जिसने	0.00893	51.00000000000003,0.05763
60	4	बहुत	0.07137	51.0,0.12019
60	5	दिलचस्पी	0.87761	196.6171059305808,1.71905
60	6	से	0.01281	123.30855296529046,0.12449
60	7	रखी	1.27921	669.5958665535985,0.16805
60	8	थी	0.00220	123.30855296529035,0.00471
60	9	लकड़ी	0.12767	291.3558389313814,0.66318
60	10	बहुत	0.42439	221.93652087260534,0.63469
60	11	बूढ़ा	0.17774	235.83929199468594,0.37458
60	12	है।	0.18512	248.46326420357445,0.14558
62	1	वह	0.00071	51.0,0.10484
62	2	लकड़ी	0.20183	174.30855296529043,0.88503
62	3	जिसको	0.00894	51.00000000000003,0.05763
62	4	उस	0.02087	51.0,0.08714
62	5	माली	0.65438	196.6171059305808,1.15604
62	6	ने	0.01345	123.30855296529046,0.15816
62	7	बहुत	0.03391	101.0,0.1337
62	8	दिलचस्पी	0.50510	218.92565889587127,2.61947
62	9	से	0.01315	145.6171059305808,0.12449
62	10	रखा	1.51173	929.0068749927816,0.16781
62	11	था	0.00218	123.30855296529035,0.00443
62	12	बहुत	0.10121	197.78527964379373,0.38472
62	13	विचित्र	0.17467	215.17868526501115,0.36713
62	14	है।	0.18502	229.858571896822,0.14555
64	1	वह	0.00071	51.0,0.10484
64	2	लकड़ी	0.20183	174.30855296529043,0.88503
64	3	जिसको	0.00894	51.00000000000003,0.05763
64	4	बहुत	0.07143	51.0,0.12019
64	5	दिलचस्पी	0.87817	196.6171059305808,1.71905
64	6	से	0.01281	123.30855296529046,0.12449
64	7	रखा	1.25915	669.5958665535985,0.16781
64	8	था	0.00218	123.30855296529035,0.00443
64	9	उस	0.20861	244.57055928758768,0.67419
64	10	माली	0.15995	353.92614755459044,0.66597
64	11	ने	0.16328	145.6171059305807,0.31225
64	12	बहुत	0.58669	300.6896972323166,0.70468
64	13	विचित्र	0.22736	262.2849151185146,0.3847
64	14	है।	0.18502	273.2447469018789,0.14555
66	1	वह	0.00071	51.0,0.10484
66	2	किसान	0.20315	174.30855296529043,0.88503
66	3	जिसने	0.00892	51.00000000000003,0.05763
66	4	फसल	1.17007	196.6171059305808,0.58196
66	5	कल	0.86045	51.0,0.60546
66	6	सुबाह	0.01288	51.0,0.27197
66	7	मैदान	2.75542	977.3233425373048,3.72797
66	8	में	0.00997	123.30855296529035,0.11458
66	9	काटी	1.03643	528.5471817679058,0.16599
66	10	थी	0.00221	123.30855296529035,0.00475
66	11	बहुत	0.10184	197.78527964379373,0.38874
66	12	मेहनती	0.17537	215.1786852650116,0.36992
66	13	है।	0.18541	229.858571896822,0.14563
68	1	वह	0.00071	51.0,0.10484
68	2	किसान	0.20315	174.30855296529043,0.88503
68	3	जिसने	0.00892	51.00000000000003,0.05763
68	4	कल	1.17354	196.6171059305808,0.52839
68	5	सुबाह	0.00882	51.0,0.26848
68	6	मैदान	2.09993	473.89336966741007,2.9283
68	7	में	0.00997	123.30855296529035,0.11458
68	8	काटी	1.03643	505.47043762533826,0.16599
68	9	थी	0.00221	123.30855296529035,0.00475
68	10	फसल	0.12819	338.14111857517514,0.66873
68	11	बहुत	0.42483	225.08463517553218,0.63814
68	12	मेहनती	0.17815	238.66395369032534,0.37719
68	13	है।	0.18541	251.06955070433378,0.14563
70	1	वह	0.00071	51.0,0.10484
70	2	फसल	0.20188	174.30855296529043,0.88503
70	3	जिसको	0.00892	51.00000000000003,0.05763
70	4	उस	0.02087	51.0,0.08714
70	5	किसान	0.64982	196.6171059305808,1.15604
70	6	ने	0.01345	123.30855296529046,0.15816
70	7	कल	0.66988	101.0,0.57673
70	8	सुबाह	0.00648	51.0,0.23837
70	9	मैदान	3.62746	1608.4245664140503,3.82137
70	10	में	0.00997	145.6171059305807,0.11458
70	11	काटा	1.03576	560.6971283076095,0.16599
70	12	था	0.00219	123.30855296529035,0.00447
70	13	काफी	0.13470	197.78527964379373,0.83222
70	14	महंगी	0.17755	215.17868526501115,0.36728
70	15	है।	0.18851	229.858571896822,0.1508
72	1	वह	0.00071	51.0,0.10484
72	2	फसल	0.20188	174.30855296529043,0.88503
72	3	जिसको	0.00892	51.00000000000003,0.05763
72	4	कल	1.17301	196.6171059305808,0.52839
72	5	सुबाह	0.00882	51.0,0.26848
72	6	मैदान	2.10004	473.89336966741007,2.9283
72	7	में	0.00997	123.30855296529035,0.11458
72	8	काटा	1.03576	505.47043762533826,0.16599
72	9	था	0.00219	123.30855296529035,0.00447
72	10	उस	0.20963	244.57055928758768,0.66822
72	11	किसान	0.16078	421.5681967394539,0.67069
72	12	ने	0.16296	145.6171059305807,0.31225
72	13	काफी	0.56941	303.9470971053752,1.19744
72	14	महंगी	0.23275	265.35116078800047,0.38378
72	15	है।	0.18851	276.16211497397035,0.1508
74	1	वह	0.00054	51.0,0.03664
74	2	टी-टी	0.11972	51.0,0.47577
74	3	जिसने	0.02160	51.0,0.36759
74	4	सिगरेट	0.11409	51.0,0.36296
74	5	वेटिंग	0.30473	51.0,0.92532
74	6	रूम	2.02515	487.53645876795383,4.11719
74	7	के	0.00980	123.30855296529046,0.08198
74	8	सामने	0.15158	197.78527964379396,0.58993
74	9	मांगी	1.73915	748.1892811228843,0.13148
74	10	थी	0.00333	123.30855296529035,0.00421
74	11	मेरी	0.22354	291.3558389313814,0.94195
74	12	मौसी	0.23268	292.8730417452107,0.83317
74	13	का	0.14965	145.6171059305807,0.10304
74	14	रिशतेदार	0.72163	497.9667632897358,0.66621
74	15	है।	0.77936	270.03858646031676,0.74768
76	1	वह	0.00054	51.0,0.03664
76	2	टी-टी	0.11972	51.0,0.47577
76	3	जिसने	0.02160	51.0,0.36759
76	4	वेटिंग	0.11392	51.0,0.36296
76	5	रूम	1.77910	322.1980044095982,3.69216
76	6	के	0.00980	123.30855296529046,0.08198
76	7	सामने	0.15158	197.78527964379384,0.58993
76	8	मांगी	1.73915	728.5362332349608,0.13148
76	9	थी	0.00333	123.30855296529035,0.00421
76	10	सिगरेट	0.18544	244.57055928758768,0.58628
76	11	मेरी	0.50783	353.92614755459044,1.52554
76	12	मौसी	0.23621	419.8166082670591,0.7
76	13	का	0.14965	145.6171059305807,0.10304
76	14	रिशतेदार	0.72163	674.872854122053,0.66621
76	15	है।	0.77936	292.8886632855251,0.74768
78	1	वह	0.00071	51.0,0.10484
78	2	सिगरेट	0.20153	174.30855296529043,0.88503
78	3	जिसको	0.00894	51.00000000000003,0.05763
78	4	उस	0.02087	51.0,0.08714
78	5	टी-टी	0.69582	174.30855296529046,1.27422
78	6	ने	0.02910	123.30855296529046,0.22972
78	7	वेटिंग	0.04057	101.0,0.89655
78	8	रूम	0.63133	196.6171059305808,2.8398
78	9	के	0.00980	145.61710593058092,0.09511
78	10	सामने	0.15158	200.05665267703785,0.55443
78	11	मांगा	1.71165	970.9549839473948,0.17746
78	12	था	0.00329	123.30855296529035,0.00398
78	13	विलायत	0.18544	291.35583893138164,0.586
78	14	से	0.25266	167.9256588958715,0.31596
78	15	आती	0.48687	370.2166234210749,0.20745
78	16	है।	0.82808	252.406731568346,0.60182
80	1	वह	0.00071	51.0,0.10484
80	2	सिगरेट	0.20153	174.30855296529043,0.88503
80	3	जिसको	0.00894	51.00000000000003,0.05763
80	4	वेटिंग	0.07699	51.0,0.40182
80	5	रूम	0.92836	196.6171059305808,2.29181
80	6	के	0.00927	123.30855296529046,0.09511
80	7	सामने	0.15117	197.78527964379384,0.55443
80	8	मांगा	1.26466	710.9635999683162,0.17746
80	9	था	0.00329	123.30855296529035,0.00398
80	10	उस	0.23149	244.57055928758768,0.76299
80	11	टी-टी	0.17741	218.64204918486348,0.71264
80	12	ने	0.52379	145.6171059305807,0.74022
80	13	विलायत	0.39004	479.4978965480559,0.71791
80	14	से	0.11555	167.9256588958715,0.26975
80	15	आती	0.88434	445.42281790589686,0.23956
80	16	है।	0.82808	288.0921926319893,0.60182
82	1	वह	0.00054	51.0,0.03664
82	2	बढ़ई	0.75438	224.30855296529046,0.09547
82	3	जिसने	0.20923	145.6171059305808,0.91186
82	4	अलमारी	0.21060	200.05665267703773,0.73193
82	5	नीम	0.71156	283.0418279751374,0.85418
82	6	के	0.19965	123.30855296529035,0.23935
82	7	पेड़	0.55796	482.6159493843909,0.86408
82	8	के	0.09645	145.61710593058092,0.21854
82	9	नीचे	0.38014	200.05665267703785,0.94146
82	10	बनायी	0.88856	460.95861220714687,0.25659
82	11	थी	0.12901	123.30855296529035,0.22499
82	12	यहाँ	0.50099	651.9595178032673,1.89095
82	13	कई	0.22347	319.7309539246585,1.01586
82	14	सालों	0.22885	861.9447721712245,0.6489
82	15	से	0.17098	167.9256588958715,0.25803
82	16	काम	0.69343	1227.2530947751657,0.9327
82	17	कर	0.95449	845.6523465086539,0.25321
82	18	रहा	0.14302	145.6171059305807,0.1785
82	19	है।	0.56226	453.5405876156374,0.61237
84	1	वह	0.00054	51.0,0.03664
84	2	बढ़ई	0.75438	224.30855296529046,0.09547
84	3	जिसने	0.20923	145.6171059305808,0.91186
84	4	नीम	0.21061	200.05665267703773,0.73193
84	5	के	0.13831	123.30855296529046,0.24431
84	6	पेड़	0.71156	356.5628739731528,0.85786
84	7	के	0.09645	145.61710593058092,0.21854
84	8	नीचे	0.38014	200.05665267703785,0.94146
84	9	बनायी	0.88856	428.17890196136955,0.25659
84	10	थी	0.12901	123.30855296529035,0.22499
84	11	अलमारी	0.42321	606.6564049991659,1.07117
84	12	यहाँ	0.49953	613.0012200705542,1.44343
84	13	कई	0.22719	323.33094283029004,1.0513
84	14	सालों	0.22885	876.0169985204998,0.6489
84	15	से	0.17098	167.9256588958715,0.25803
84	16	काम	0.69343	1244.1692790786738,0.9327
84	17	कर	0.95449	855.7197733524608,0.25321
84	18	रहा	0.14302	145.6171059305807,0.1785
84	19	है।	0.56226	456.81307793659835,0.61237
86	1	वह	0.00054	51.0,0.03664
86	2	अलमारी	0.75410	224.30855296529046,0.09547
86	3	जिसको	0.20924	145.6171059305808,0.91186
86	4	उस	0.26311	200.05665267703773,0.98728
86	5	बढ़ई	0.22969	217.02091398756863,0.63322
86	6	ने	0.16327	123.30855296529046,0.31225
86	7	नीम	0.71185	381.75065273198913,0.90681
86	8	के	0.09648	145.61710593058092,0.21854
86	9	पेड़	0.90408	547.1575472443346,0.90233
86	10	के	0.09645	167.9256588958715,0.21854
86	11	नीचे	0.38014	202.2274140710133,0.94146
86	12	बनाया	0.88983	499.43092771761167,0.25611
86	13	था	0.12714	123.30855296529035,0.21921
86	14	लकड़ी	0.42442	874.4046246615617,1.07088
86	15	की	0.54704	723.2602888202878,0.22122
86	16	है।	0.47276	359.4337706764536,0.55997
88	1	वह	0.00054	51.0,0.03664
88	2	अलमारी	0.75410	224.30855296529046,0.09547
88	3	जिसको	0.20924	145.6171059305808,0.91186
88	4	नीम	0.21062	200.05665267703773,0.73193
88	5	के	0.13831	123.30855296529046,0.24431
88	6	पेड़	0.71157	356.5628739731528,0.85786
88	7	के	0.09645	145.61710593058092,0.21854
88	8	नीचे	0.38014	200.05665267703785,0.94146
88	9	बनाया	0.88983	428.17890196136955,0.25611
88	10	था	0.12714	123.30855296529035,0.21921
88	11	उस	0.51426	336.21880166638834,1.41129
88	12	बढ़ई	0.20797	586.5388733273803,0.59838
88	13	ने	0.16327	167.9256588958715,0.31225
88	14	लकड़ी	0.71181	881.3211213967311,0.90681
88	15	की	1.00073	728.3698858536022,0.25631
88	16	है।	0.47276	361.1123046243529,0.55997
90	1	वह	0.00071	51.0,0.10484
90	2	दुकानदार	0.20160	174.30855296529043,0.88503
90	3	जिसने	0.00891	51.00000000000003,0.05763
90	4	पुरानी	0.09365	51.0,0.50685
90	5	बन्दूक	0.97647	196.6171059305808,1.79008
90	6	इस	0.00761	51.0,0.12467
90	7	साल	0.39732	218.92565889587127,1.77759
90	8	एक-दो	0.03336	51.0,0.16639
90	9	बार	0.45459	241.2342118611616,1.76796
90	10	म्यूजियम	0.82475	51.0,0.63209
90	11	में	0.00975	123.30855296529035,0.10869
90	12	दिखायी	1.98284	1350.955121035696,0.229
90	13	थी	0.00220	123.30855296529035,0.00471
90	14	मशहूर	0.13998	244.57055928758746,0.2876
90	15	संग्रहकर्ता	0.17105	556.8522951091809,0.73745
90	16	है।	0.56752	251.04678556684576,0.24893
92	1	वह	0.00071	51.0,0.10484
92	2	दुकानदार	0.20160	174.30855296529043,0.88503
92	3	जिसने	0.00891	51.00000000000003,0.05763
92	4	इस	0.01067	51.0,0.10931
92	5	साल	0.55950	196.6171059305808,1.23177
92	6	एक-दो	0.02214	51.0,0.31762
92	7	बार	0.40702	218.92565889587127,1.2229
92	8	म्यूजियम	0.92161	51.0,0.67193
92	9	में	0.00975	123.30855296529046,0.10869
92	10	दिखायी	1.75947	1094.6169214665106,0.33835
92	11	थी	0.00220	123.30855296529035,0.00471
92	12	पुरानी	0.13939	197.78527964379373,0.29573
92	13	बन्दूक	0.17115	471.8934263250567,0.73782
92	14	मशहूर	0.55323	337.80219417328544,0.60076
92	15	संग्रहकर्ता	0.17442	808.8180769915384,0.7439
92	16	है।	0.56752	292.11268495833747,0.24893
94	1	वह	0.00071	51.0,0.10484
94	2	बन्दूक	0.20173	174.30855296529043,0.88503
94	3	जिसको	0.00893	51.00000000000003,0.05763
94	4	उस	0.02087	51.0,0.08714
94	5	दुकानदार	0.65485	196.6171059305808,1.15604
94	6	ने	0.01344	123.30855296529046,0.15816
94	7	इस	0.00519	101.0,0.12507
94	8	साल	0.30173	218.92565889587127,2.29641
94	9	एक-दो	0.02220	51.0,0.31762
94	10	बार	0.40967	241.2342118611615,1.2229
94	11	म्यूजियम	0.92161	51.0,0.67193
94	12	में	0.00975	145.61710593058092,0.10869
94	13	दिखाया	2.00942	1379.4203254144945,0.33783
94	14	था	0.00218	123.30855296529035,0.00442
94	15	अंग्रेज़ो	0.08549	197.78527964379373,0.34696
94	16	के	0.65981	167.92565889587104,0.62371
94	17	ज़माने	0.25841	675.1700983153169,0.76625
94	18	की	0.98127	373.2256132754419,0.25374
94	19	है।	0.45066	277.4440207655898,0.55819
96	1	वह	0.00071	51.0,0.10484
96	2	बन्दूक	0.20173	174.30855296529043,0.88503
96	3	जिसको	0.00893	51.00000000000003,0.05763
96	4	इस	0.01068	51.0,0.10931
96	5	साल	0.55991	196.6171059305808,1.23177
96	6	एक-दो	0.02214	51.0,0.31762
96	7	बार	0.40702	218.92565889587127,1.2229
96	8	म्यूजियम	0.92161	51.0,0.67193
96	9	में	0.00975	123.30855296529046,0.10869
96	10	दिखाया	1.75311	1094.6169214665106,0.33783
96	11	था	0.00218	123.30855296529035,0.00442
96	12	उस	0.20854	291.35583893138164,0.67385
96	13	दुकानदार	0.15998	505.68260436302717,0.66618
96	14	ने	0.16327	145.6171059305807,0.31225
96	15	अंग्रेज़ो	0.73701	309.9745781894512,0.69518
96	16	के	0.32497	167.92565889587104,0.53993
96	17	ज़माने	0.41842	972.622768866675,0.7909
96	18	की	0.98127	470.63813215945356,0.25374
96	19	है।	0.45066	324.59362224349115,0.55819
98	1	वह	0.00071	51.0,0.10484
98	2	प्रोफेसर	0.20125	174.30855296529043,0.88503
98	3	जिसने	0.00894	51.00000000000003,0.05763
98	4	पहेली	0.07692	51.0,0.40182
98	5	क्लास	0.92796	196.6171059305808,2.29379
98	6	में	0.01161	123.30855296529046,0.11223
98	7	सुलझाई	1.28829	669.5958665535985,0.16723
98	8	थी	0.00221	123.30855296529035,0.00475
98	9	गणित	0.12821	291.3558389313814,0.66873
98	10	बहुत	0.42477	221.93652087260534,0.63814
98	11	अच्छा	0.17856	235.83929199468594,0.25556
98	12	पढ़ाते	0.22084	345.92652840714845,0.11303
98	13	हैं।	0.13605	145.6171059305807,0.23748
100	1	वह	0.00071	51.0,0.10484
100	2	प्रोफेसर	0.20125	174.30855296529043,0.88503
100	3	जिसने	0.00894	51.00000000000003,0.05763
100	4	क्लास	1.16995	196.6171059305808,0.58265
100	5	में	0.01139	123.30855296529046,0.1102
100	6	सुलझाई	1.01819	477.54969187468475,0.22512
100	7	थी	0.00221	123.30855296529035,0.00475
100	8	पहेली	0.16603	197.78527964379396,0.56392
100	9	गणित	0.23847	343.53605579503414,0.80014
100	10	बहुत	0.58347	237.43621723153638,0.69605
100	11	अच्छा	0.17856	249.93525798540554,0.25556
100	12	पढ़ाते	0.22084	372.15261565627634,0.11303
100	13	हैं।	0.13605	145.6171059305807,0.23748
102	1	वह	0.00071	51.0,0.10484
102	2	पहेली	0.20173	174.30855296529043,0.88503
102	3	जिसको	0.00893	51.00000000000003,0.05763
102	4	उस	0.02087	51.0,0.08714
102	5	प्रोफेसर	0.65608	196.6171059305808,1.15604
102	6	ने	0.01345	123.30855296529046,0.15816
102	7	क्लास	0.67876	101.0,0.63462
102	8	में	0.01220	145.6171059305808,0.11566
102	9	सुलझाया	1.57127	895.6554648046501,0.27741
102	10	था	0.00219	123.30855296529035,0.00447
102	11	बहुत	0.10178	197.78527964379396,0.3884
102	12	कठिन	0.17550	215.17868526501115,0.36992
102	13	थी।	0.41820	308.717143793644,0.33081
104	1	वह	0.00071	51.0,0.10484
104	2	पहेली	0.20173	174.30855296529043,0.88503
104	3	जिसको	0.00893	51.00000000000003,0.05763
104	4	क्लास	1.16880	196.6171059305808,0.58265
104	5	में	0.01139	123.30855296529046,0.1102
104	6	सुलझाया	1.01866	477.54969187468475,0.22512
104	7	था	0.00219	123.30855296529035,0.00447
104	8	उस	0.20980	244.57055928758768,0.66822
104	9	प्रोफेसर	0.16063	353.92614755459044,0.67069
104	10	ने	0.16328	145.61710593058092,0.31225
104	11	बहुत	0.58724	300.6896972323168,0.70836
104	12	कठिन	0.22820	262.2849151185146,0.38749
104	13	थी।	0.41820	395.48949380375825,0.33081
106	1	वह	0.00071	51.0,0.10484
106	2	ग्राहक	0.20192	174.30855296529043,0.88503
106	3	जिसने	0.00893	51.00000000000003,0.05763
106	4	कमीज	1.16978	196.6171059305808,0.58196
106	5	बहुत	0.04600	51.0,0.13633
106	6	जल्दीबाजी	0.59149	218.92565889587127,2.57874
106	7	में	0.01139	123.30855296529046,0.11141
106	8	खरीदी	1.23532	682.1097982404541,0.16861
106	9	थी	0.00221	123.30855296529035,0.00476
106	10	इस	0.30010	244.57055928758768,0.83285
106	11	दुकान	0.16445	421.5681967394539,0.62649
106	12	में	0.14869	145.6171059305807,0.23444
106	13	कई	0.56859	406.89419421075036,1.20706
106	14	बार	0.20789	744.3121663443148,0.74132
106	15	आ	0.63079	443.1915038395168,0.23788
106	16	चुका	0.18988	145.61710593058115,0.22037
106	17	है।	0.45736	367.0651459006558,0.5783
108	1	वह	0.00071	51.0,0.10484
108	2	ग्राहक	0.20192	174.30855296529043,0.88503
108	3	जिसने	0.00893	51.00000000000003,0.05763
108	4	बहुत	0.07137	51.0,0.12019
108	5	जल्दीबाजी	0.87694	196.6171059305808,1.71905
108	6	में	0.01110	123.30855296529046,0.11141
108	7	खरीदी	1.29664	669.5958665535985,0.16861
108	8	थी	0.00221	123.30855296529035,0.00476
108	9	कमीज	0.12818	291.3558389313814,0.6707
108	10	इस	0.58394	292.8730417452109,1.13545
108	11	दुकान	0.16735	506.300951046165,0.65582
108	12	में	0.14869	145.6171059305807,0.23444
108	13	कई	0.56859	443.81207179625017,1.20706
108	14	बार	0.20789	832.5854360762196,0.74132
108	15	आ	0.63079	477.84514939242536,0.23788
108	16	चुका	0.18988	145.6171059305807,0.22037
108	17	है।	0.45736	383.4246730700979,0.5783
110	1	वह	0.00071	51.0,0.10484
110	2	कमीज	0.20164	174.30855296529043,0.88503
110	3	जिसको	0.00893	51.00000000000003,0.05763
110	4	उस	0.02087	51.0,0.08714
110	5	ग्राहक	0.65389	196.6171059305808,1.15604
110	6	ने	0.01344	123.30855296529046,0.15816
110	7	बहुत	0.03391	101.0,0.1337
110	8	जल्दीबाजी	0.50478	218.92565889587127,2.61947
110	9	में	0.01139	145.6171059305808,0.11141
110	10	खरीदा	1.55594	929.0068749927816,0.16863
110	11	था	0.00219	123.30855296529035,0.00448
110	12	जापान	0.08584	197.78527964379373,0.35125
110	13	में	0.70245	167.9256588958715,0.67226
110	14	बनती	0.25655	359.05669943843895,0.1127
110	15	है।	0.80137	247.2358423672954,0.56013
112	1	वह	0.00071	51.0,0.10484
112	2	कमीज	0.20164	174.30855296529043,0.88503
112	3	जिसको	0.00893	51.00000000000003,0.05763
112	4	बहुत	0.07143	51.0,0.12019
112	5	जल्दीबाजी	0.87751	196.6171059305808,1.71905
112	6	में	0.01110	123.30855296529046,0.11141
112	7	खरीदा	1.29523	669.5958665535985,0.16863
112	8	था	0.00219	123.30855296529035,0.00448
112	9	उस	0.20949	244.57055928758768,0.66639
112	10	ग्राहक	0.16063	353.92614755459044,0.67213
112	11	ने	0.16319	145.6171059305807,0.31225
112	12	जापान	0.73820	300.6896972323166,0.69947
112	13	में	0.34856	167.9256588958715,0.58322
112	14	बनती	0.48321	441.92246678077026,0.12864
112	15	है।	0.80137	286.4082427219332,0.56013
114	1	वह	0.00071	51.0,0.10484
114	2	लड़का	0.20139	174.30855296529043,0.88503
114	3	जिसने	0.00893	51.00000000000003,0.05763
114	4	मोटरसाइकिल	1.16987	196.6171059305808,0.58196
114	5	पिछले	0.04408	51.0,0.51162
114	6	हफते	0.95921	551.0316642945904,0.26661
114	7	खरीदी	0.07626	145.61710593058092,0.02274
114	8	थी	0.24179	123.30855296529035,0.39291
114	9	डाक्टरी	0.30727	393.0409181668456,0.87882
114	10	की	0.21586	123.30855296529035,0.29567
114	11	पढ़ाई	0.48358	487.7538855132552,0.21183
114	12	कर	0.08391	145.6171059305807,0.22739
114	13	रहा	0.13419	298.1699580311133,0.22618
114	14	है।	0.82102	336.0060925379539,0.55345
116	1	वह	0.00071	51.0,0.10484
116	2	लड़का	0.20139	174.30855296529043,0.88503
116	3	जिसने	0.00893	51.00000000000003,0.05763
116	4	पिछले	0.08825	51.0,0.5069
116	5	हफते	0.99636	537.5364587679538,0.20993
116	6	खरीदी	0.07626	145.6171059305808,0.02274
116	7	थी	0.24179	123.30855296529046,0.39291
116	8	मोटरसाइकिल	0.33576	265.0136393889484,0.76837
116	9	डाक्टरी	0.28515	308.4281574003503,0.7402
116	10	की	0.14135	123.30855296529035,0.24611
116	11	पढ़ाई	0.67217	514.1635159545781,0.25021
116	12	कर	0.08391	145.6171059305807,0.22739
116	13	रहा	0.13419	298.1699580311133,0.22618
116	14	है।	0.82102	343.2840709894858,0.55345
118	1	वह	0.00071	51.0,0.10484
118	2	मोटरसाइकिल	0.20168	174.30855296529043,0.88503
118	3	जिसको	0.00892	51.00000000000003,0.05763
118	4	उस	0.02087	51.0,0.08714
118	5	लड़के	0.65505	196.6171059305808,1.15604
118	6	ने	0.01345	123.30855296529046,0.15816
118	7	पिछले	0.03237	101.0,0.484
118	8	हफते	1.18670	779.8074791568455,0.25869
118	9	खरीदा	0.07625	145.61710593058092,0.02273
118	10	था	0.23958	123.30855296529035,0.3837
118	11	बजाज	0.34710	265.0136393889484,0.60481
118	12	की	0.66864	145.6171059305807,0.70591
118	13	नई	0.31086	381.05321237998214,0.39323
118	14	पेशकश	0.28020	470.40202624659287,0.69007
118	15	है।	0.58941	277.1966827888409,0.24918
120	1	वह	0.00071	51.0,0.10484
120	2	मोटरसाइकिल	0.20168	174.30855296529043,0.88503
120	3	जिसको	0.00892	51.00000000000003,0.05763
120	4	पिछले	0.08833	51.0,0.5069
120	5	हफते	0.99641	537.5364587679538,0.20993
120	6	खरीदा	0.07625	145.6171059305808,0.02273
120	7	था	0.23958	123.30855296529046,0.3837
120	8	उस	0.37189	329.027278777897,1.08342
120	9	लड़के	0.20733	316.1734635829996,0.61625
120	10	ने	0.16332	123.30855296529035,0.31225
120	11	बजाज	0.76068	308.6896638218177,0.66105
120	12	की	0.32983	145.6171059305807,0.61328
120	13	नई	0.48244	454.2217188659988,0.41856
120	14	पेशकश	0.28020	574.9968311861317,0.69007
120	15	है।	0.58941	310.9555695262716,0.24918
122	1	वह	0.00071	51.0,0.10484
122	2	बच्ची	0.20169	174.30855296529043,0.88503
122	3	जिसने	0.00892	51.00000000000003,0.05763
122	4	डिब्बी	1.16992	196.6171059305808,0.58196
122	5	धीरे	0.09735	51.0,0.46413
122	6	से	1.02750	51.0,0.74627
122	7	चुपके-चुपके	0.54376	51.0,1.01056
122	8	खोली	1.35142	920.6942901181019,0.36491
122	9	थी	0.00336	123.30855296529035,0.00424
122	10	बहुत	0.14140	197.78527964379396,0.34313
122	11	शरारती	0.21725	215.1786852650116,0.33564
122	12	है।	0.21261	229.858571896822,0.14546
124	1	वह	0.00071	51.0,0.10484
124	2	बच्ची	0.20169	174.30855296529043,0.88503
124	3	जिसने	0.00892	51.00000000000003,0.05763
124	4	धीरे	0.14376	51.0,0.41509
124	5	से	0.75182	51.0,0.75564
124	6	चुपके-चुपके	0.54376	51.0,1.00088
124	7	खोली	1.40159	910.8207512500302,0.30499
124	8	थी	0.00336	123.30855296529035,0.00424
124	9	डिब्बी	0.18739	244.57055928758768,0.59436
124	10	बहुत	0.46429	218.64204918486348,0.59253
124	11	शरारती	0.22003	232.90857074504106,0.34291
124	12	है।	0.21261	245.77234622390552,0.14546
126	1	वह	0.00071	51.0,0.10484
126	2	डिब्बी	0.20173	174.30855296529043,0.88503
126	3	जिसको	0.00893	51.00000000000003,0.05763
126	4	उस	0.02087	51.0,0.08714
126	5	बच्ची	0.65471	196.6171059305808,1.15604
126	6	ने	0.01344	123.30855296529046,0.15816
126	7	धीरे	0.07191	101.0,0.43673
126	8	से	0.57735	51.0,0.79718
126	9	चुपके-चुपके	0.54376	51.0,0.91495
126	10	खोला	1.59562	1161.7183570016923,0.35746
126	11	था	0.00333	123.30855296529035,0.00399
126	12	मेरी	0.22344	244.57055928758746,0.93002
126	13	दादी	0.23450	353.92614755459044,0.84945
126	14	की	0.77179	330.21107217803956,0.13189
126	15	है।	0.47816	257.07280225470595,0.55821
128	1	वह	0.00071	51.0,0.10484
128	2	डिब्बी	0.20173	174.30855296529043,0.88503
128	3	जिसको	0.00893	51.00000000000003,0.05763
128	4	धीरे	0.14388	51.0,0.41509
128	5	से	0.75182	51.0,0.75564
128	6	चुपके-चुपके	0.54376	51.0,1.00088
128	7	खोला	1.39884	910.8207512500302,0.30506
128	8	था	0.00333	123.30855296529035,0.00399
128	9	उस	0.23107	244.57055928758768,0.75305
128	10	बच्ची	0.21970	286.28409836972696,0.61007
128	11	ने	0.16322	123.30855296529057,0.31225
128	12	मेरी	0.65721	391.3709419590168,1.70844
128	13	दादी	0.30063	484.9508335578539,0.64129
128	14	की	0.77179	412.7154261939286,0.13423
128	15	है।	0.47816	296.4342729224568,0.55821
130	1	वह	0.00071	51.0,0.10484
130	2	आदमी	0.20192	174.30855296529043,0.89087
130	3	जिसने	0.00896	51.00000000000003,0.05765
130	4	टाई	1.17147	196.6171059305808,0.58196
130	5	बड़ी	0.04535	51.0,0.52318
130	6	स्टाईल	0.66016	218.92565889587127,2.44861
130	7	से	0.01303	123.30855296529046,0.12386
130	8	पहनी	1.23285	682.1097982404541,0.16962
130	9	हुई	0.00234	123.30855296529035,0.00434
130	10	थी	0.04138	244.57055928758768,0.02438
130	11	हमारे	0.20075	286.28409836972696,0.84252
130	12	कालेज	0.17575	494.3734533629063,0.87691
130	13	में	0.14904	145.6171059305807,0.11021
130	14	काम	0.66194	794.763295236372,0.64815
130	15	करता	0.91413	443.36820569938027,0.17348
130	16	है।	0.51139	311.3006442505766,0.57691
132	1	वह	0.00071	51.0,0.10484
132	2	आदमी	0.20192	174.30855296529043,0.89087
132	3	जिसने	0.00896	51.00000000000003,0.05765
132	4	बड़ी	0.09072	51.0,0.51819
132	5	स्टाईल	0.97622	196.6171059305808,1.79463
132	6	से	0.01269	123.30855296529046,0.12386
132	7	पहनी	1.29433	669.5958665535985,0.16962
132	8	हुई	0.00234	123.30855296529035,0.00434
132	9	थी	0.04138	244.57055928758768,0.02438
132	10	टाई	0.13007	353.92614755459044,0.67168
132	11	हमारे	0.48285	330.21107217803956,1.41542
132	12	कालेज	0.17931	575.2912090188233,0.73839
132	13	में	0.14904	145.6171059305807,0.11021
132	14	काम	0.66194	886.0942875726514,0.64815
132	15	करता	0.91413	479.2255155970033,0.17782
132	16	है।	0.51139	328.7903457444345,0.57691
134	1	वह	0.00071	51.0,0.10484
134	2	टाई	0.20178	174.30855296529043,0.88503
134	3	जिसको	0.00893	51.00000000000003,0.05763
134	4	उस	0.02087	51.0,0.08714
134	5	आदमी	0.65373	196.6171059305808,1.16663
134	6	ने	0.01345	123.30855296529046,0.15734
134	7	बड़ी	0.03343	101.0,0.49489
134	8	स्टाईल	0.53540	218.92565889587127,2.48613
134	9	से	0.01303	145.6171059305808,0.12386
134	10	पहना	1.55620	929.0068749927816,0.16918
134	11	हुआ	0.00232	123.30855296529035,0.0043
134	12	था	0.04160	244.57055928758746,0.02479
134	13	आज	0.13101	421.5681967394539,0.71669
134	14	कल	0.48937	617.0799600377927,0.99211
134	15	फैशन	0.51099	878.7297869450535,0.94968
134	16	में	0.21469	167.9256588958715,0.26075
134	17	है।	0.42098	360.41237744312093,0.23734
136	1	वह	0.00071	51.0,0.10484
136	2	टाई	0.20178	174.30855296529043,0.88503
136	3	जिसको	0.00893	51.00000000000003,0.05763
136	4	बड़ी	0.09080	51.0,0.51819
136	5	स्टाईल	0.97686	196.6171059305808,1.79524
136	6	से	0.01269	123.30855296529046,0.12386
136	7	पहना	1.29491	669.5958665535985,0.16918
136	8	हुआ	0.00232	123.30855296529035,0.0043
136	9	था	0.04160	244.57055928758768,0.02479
136	10	उस	0.21189	286.28409836972696,0.67154
136	11	आदमी	0.16075	408.5300900221796,0.66184
136	12	ने	0.16311	145.6171059305807,0.3109
136	13	आज	0.66316	661.6866476638033,1.04594
136	14	कल	0.85802	844.4246959490938,1.06054
136	15	फैशन	0.51099	1145.5103194316162,0.94968
136	16	में	0.21469	167.9256588958715,0.26075
136	17	है।	0.42098	402.9366306149559,0.23734
138	1	वह	0.00071	51.0,0.10484
138	2	औरत	0.20173	174.30855296529043,0.88503
138	3	जिसने	0.00892	51.00000000000003,0.05763
138	4	लाल	0.01450	51.0,0.19439
138	5	गाड़ी	0.97953	174.30855296529046,1.55161
138	6	पिछले	0.05576	51.0,2.93956
138	7	महीने	0.66666	196.6171059305808,1.13608
138	8	खरीदी	1.73903	781.9005682029325,0.16528
138	9	थी	0.00454	123.30855296529035,0.00428
138	10	मेरे	0.25335	244.57055928758768,0.9291
138	11	बेटे	0.29251	353.9261475545902,0.88598
138	12	की	0.14047	123.30855296529035,0.10851
138	13	टीचर	0.78163	595.3671985090732,0.66382
138	14	है।	0.80732	273.6465687139462,0.74768
140	1	वह	0.00071	51.0,0.10484
140	2	औरत	0.20173	174.30855296529043,0.88503
140	3	जिसने	0.00892	51.00000000000003,0.05763
140	4	पिछले	0.08825	51.0,0.5069
140	5	महीने	0.96378	196.6171059305808,1.79679
140	6	खरीदी	1.29375	569.3836828871933,0.16528
140	7	थी	0.00454	123.30855296529035,0.00428
140	8	लाल	0.22506	244.57055928758768,0.25862
140	9	गाड़ी	0.28891	353.92614755459044,0.65927
140	10	मेरे	0.68019	330.21107217803933,1.64334
140	11	बेटे	0.29604	575.2912090188233,0.74639
140	12	की	0.14047	123.30855296529035,0.10851
140	13	टीचर	0.78163	882.1107570369818,0.66382
140	14	है।	0.80732	314.3292139927994,0.74768
142	1	वह	0.00054	51.0,0.03664
142	2	लाल	0.00421	51.0,0.22762
142	3	गाड़ी	0.42390	174.30855296529046,1.66648
142	4	जिसको	0.01896	51.0,0.36439
142	5	उस	0.02992	51.0,0.07697
142	6	औरत	0.88782	174.30855296529046,1.08522
142	7	ने	0.01345	123.30855296529046,0.15816
142	8	पिछले	0.03238	101.0,0.484
142	9	महीने	0.52697	196.6171059305808,3.4938
142	10	खरीदा	2.30426	1041.8024291939673,0.04106
142	11	था	0.00449	123.30855296529035,0.30964
142	12	लोगो	0.24551	291.35583893138164,1.05497
142	13	में	0.22662	145.6171059305807,0.36364
142	14	काफी	0.50797	284.3119056916835,1.07421
142	15	लोकप्रिय	0.31675	343.1182072800275,0.41653
142	16	है।	0.24299	263.1409377630148,0.13981
144	1	वह	0.00071	51.0,0.10484
144	2	लाल	0.05211	51.0,1.2569
144	3	गाड़ी	0.80796	322.1980044095982,1.88265
144	4	जिसको	0.01618	51.0,0.68531
144	5	पिछले	0.12897	51.0,0.53506
144	6	महीने	1.49075	322.1980044095982,0.50852
144	7	खरीदा	1.23548	401.73097003361636,0.30024
144	8	था	0.00449	123.30855296529035,0.23601
144	9	उस	0.25628	244.57055928758768,1.88734
144	10	औरत	0.27769	286.28409836972696,0.52024
144	11	ने	0.16328	123.30855296529035,0.31349
144	12	लोगो	0.78124	486.5564129385252,0.9192
144	13	में	0.10314	145.6171059305807,0.23579
144	14	काफी	0.82109	324.40660785238197,1.09264
144	15	लोकप्रिय	0.31675	418.6335058889049,0.29501
144	16	है।	0.24299	299.2972023486468,0.19955
146	1	वह	0.00071	51.0,0.10484
146	2	डाक्टर	0.20172	174.30855296529043,0.88503
146	3	जिसने	0.00894	51.00000000000003,0.05763
146	4	दवाईयां	1.17056	196.6171059305808,0.58196
146	5	कल	0.86138	51.0,0.60546
146	6	शाम	1.50661	241.2342118611616,0.68016
146	7	फेकीं	1.23132	586.5879491645542,0.34061
146	8	थीं	0.00464	123.30855296529035,0.00432
146	9	बहुत	0.18123	197.78527964379373,0.33793
146	10	होशियार	0.25993	215.17868526501138,0.33202
146	11	है।	0.23992	229.85857189682224,0.14686
148	1	वह	0.00071	51.0,0.10484
148	2	डाक्टर	0.20172	174.30855296529043,0.88503
148	3	जिसने	0.00894	51.00000000000003,0.05763
148	4	कल	1.17425	196.6171059305808,0.52839
148	5	शाम	0.86663	51.0,0.67365
148	6	फेकीं	1.23157	551.0316642945904,0.28046
148	7	थीं	0.00464	123.30855296529035,0.00432
148	8	दवाईयां	0.24559	338.14111857517537,0.5846
148	9	बहुत	0.50546	225.08463517553196,1.2062
148	10	होशियार	0.26525	238.66395369032534,0.3367
148	11	है।	0.24309	251.06955070433378,0.15203
150	1	वह	0.00071	51.0,0.10484
150	2	दवाईयां	0.20180	174.30855296529043,0.88503
150	3	जिनको	0.00893	51.00000000000003,0.05763
150	4	उस	0.02087	51.0,0.08714
150	5	डाक्टर	0.65459	196.6171059305808,1.15604
150	6	ने	0.01345	123.30855296529046,0.15816
150	7	कल	0.67117	101.0,0.57673
150	8	शाम	0.68963	51.0,0.60904
150	9	फेका	1.80581	962.9599736336658,0.33331
150	10	था	0.00450	123.30855296529035,0.00403
150	11	खराब	0.22512	197.78527964379396,0.25325
150	12	हो	0.22766	279.35737053002276,0.10471
150	13	गईं	0.10340	145.6171059305807,0.19881
150	14	थीं।	0.15638	298.1699580311133,0.22515
152	1	वह	0.00071	51.0,0.10484
152	2	दवाईयां	0.20180	174.30855296529043,0.88503
152	3	जिनको	0.00893	51.00000000000003,0.05763
152	4	कल	1.17336	196.6171059305808,0.52839
152	5	शाम	0.86663	51.0,0.67365
152	6	फेका	1.23178	551.0316642945904,0.28046
152	7	था	0.00450	123.30855296529035,0.00403
152	8	उस	0.25662	244.57055928758768,0.76705
152	9	डाक्टर	0.27806	421.5681967394539,0.60176
152	10	ने	0.16327	123.30855296529035,0.31225
152	11	खराब	0.64157	302.8843070442945,0.5907
152	12	हो	0.37401	377.69913282194057,0.11963
152	13	गईं	0.10340	145.6171059305807,0.19881
152	14	थीं।	0.15638	298.1699580311133,0.22515
154	1	वह	0.00071	51.0,0.10484
154	2	इंजीनियर	0.20143	174.30855296529043,0.88503
154	3	जिसने	0.00892	51.00000000000003,0.05763
154	4	वह	0.02038	51.0,0.10271
154	5	बिल्डिंग	0.66509	196.6171059305808,1.23752
154	6	बहुत	0.07545	51.0,0.3315
154	7	धीरे-धीरे	0.38524	51.0,1.16845
154	8	बनायी	1.38912	932.5571684265944,0.35418
154	9	थी	0.00334	123.30855296529035,0.00417
154	10	मरे	0.09353	244.57055928758768,0.02642
154	11	दोस्त	0.35022	353.9261475545902,0.99303
154	12	की	0.27524	123.30855296529035,0.45204
154	13	कंपनी	0.46946	595.3671985090732,0.74477
154	14	में	0.10348	145.6171059305807,0.23554
154	15	काम	0.91515	851.9812680441555,0.93378
154	16	करता	0.94006	623.2214465897728,0.25001
154	17	है।	0.53803	326.66607752243453,0.57645
156	1	वह	0.00071	51.0,0.10484
156	2	इंजीनियर	0.20143	174.30855296529043,0.88503
156	3	जिसने	0.00892	51.00000000000003,0.05763
156	4	बहुत	0.14608	51.0,0.33867
156	5	धीरे-धीरे	0.27439	51.0,1.15755
156	6	बनायी	1.21333	717.5967190957491,0.29902
156	7	थी	0.00334	123.30855296529035,0.00417
156	8	वह	0.23150	244.57055928758768,0.87408
156	9	बिल्डिंग	0.21868	286.28409836972696,0.58619
156	10	मरे	0.67995	322.68672668145337,0.24425
156	11	दोस्त	0.36118	458.67110970525073,1.03429
156	12	की	0.27524	123.30855296529035,0.45204
156	13	कंपनी	0.46946	717.6812715862848,0.74477
156	14	में	0.10348	145.6171059305807,0.23554
156	15	काम	0.91515	993.295174047963,0.93378
156	16	करता	0.94006	706.7226946472874,0.25001
156	17	है।	0.53803	354.00388663871854,0.57645
158	1	हमारी	0.00074	51.0,0.04827
158	2	बिल्डिंग	0.60307	51.0,0.71962
158	3	जिसको	0.01440	51.0,0.1368
158	4	उस	0.02087	51.0,0.08714
158	5	इंजीनियर	0.65530	196.6171059305808,1.15604
158	6	ने	0.01343	123.30855296529046,0.15816
158	7	बहुत	0.07551	101.0,0.3402
158	8	धीरे-धीरे	0.20777	51.0,1.05818
158	9	बनाया	1.70960	1186.4634272879441,0.39232
158	10	था	0.00329	123.30855296529035,0.00392
158	11	बहुत	0.13964	244.5705592875879,0.33723
158	12	सुनसान	0.21506	218.64204918486348,0.33141
158	13	इलाके	0.25120	396.7257122351234,0.67367
158	14	में	0.14851	145.6171059305807,0.2426
158	15	है।	0.59565	312.7553237613329,0.25325
160	1	हमारी	0.00074	51.0,0.04827
160	2	बिल्डिंग	0.60307	51.0,0.71962
160	3	जिसको	0.01440	51.0,0.1368
160	4	बहुत	0.14621	51.0,0.33867
160	5	धीरे-धीरे	0.27439	51.0,1.15755
160	6	बनाया	1.52481	910.8207512500303,0.33958
160	7	था	0.00329	123.30855296529035,0.00392
160	8	उस	0.22833	197.78527964379373,0.76284
160	9	इंजीनियर	0.21764	279.35737053002276,0.6037
160	10	ने	0.16313	123.30855296529035,0.31225
160	11	बहुत	0.62551	385.7824435534353,0.65719
160	12	सुनसान	0.26775	259.6866692022695,0.34898
160	13	इलाके	0.25120	510.33543035866796,0.67367
160	14	में	0.14851	145.6171059305807,0.2426
160	15	है।	0.59565	346.724931669954,0.25325
162	1	वह	0.00071	51.0,0.10484
162	2	लड़की	0.20150	174.30855296529043,0.88503
162	3	जिसने	0.00893	51.00000000000003,0.05763
162	4	सारी	0.07310	51.0,0.15525
162	5	फाइलें	0.87080	196.6171059305808,1.7584
162	6	पिछले	0.04237	51.0,0.49589
162	7	हफते	1.17140	743.1407004113612,0.21396
162	8	शाम	0.16923	167.92565889587127,0.59678
162	9	के	0.27095	123.30855296529035,0.39596
162	10	समय	0.36837	244.57055928758768,0.65977
162	11	उठायीं	0.39954	364.7317713203563,0.14537
162	12	थीं	0.08702	123.30855296529035,0.21918
162	13	बहुत	0.63778	308.07217306684424,0.84367
162	14	अच्छा	0.20484	387.49767019929277,0.23155
162	15	गाना	0.24128	684.1280087956211,0.69885
162	16	गाती	0.67546	619.9988838884115,0.23752
162	17	है।	0.46604	325.61417022787464,0.50733
164	1	वह	0.00071	51.0,0.10484
164	2	लड़की	0.20150	174.30855296529043,0.88503
164	3	जिसने	0.00893	51.00000000000003,0.05763
164	4	पिछले	0.08825	51.0,0.5069
164	5	हफते	0.99629	537.5364587679538,0.20993
164	6	शाम	0.16923	145.6171059305808,0.59678
164	7	के	0.27095	123.30855296529046,0.39596
164	8	समय	0.36837	244.57055928758768,0.65977
164	9	उठायीं	0.39954	362.0506808976336,0.14537
164	10	थीं	0.08702	123.30855296529035,0.21918
164	11	सारी	0.60018	306.9273084375418,1.33839
164	12	फाइलें	0.20686	502.49656589190727,0.66075
164	13	बहुत	0.59822	287.4963530271125,0.66217
164	14	अच्छा	0.20761	443.8256826448246,0.2394
164	15	गाना	0.24128	793.0926899659421,0.69885
164	16	गाती	0.67546	700.1466841934789,0.23752
164	17	है।	0.46604	351.8459982814202,0.50733
166	1	वह	0.00071	51.0,0.10484
166	2	फाइलें	0.20159	174.30855296529043,0.88503
166	3	जिनको	0.00891	51.00000000000003,0.05763
166	4	उस	0.02087	51.0,0.08714
166	5	लड़की	0.65516	196.6171059305808,1.15604
166	6	ने	0.01344	123.30855296529046,0.15816
166	7	पिछले	0.03239	101.0,0.484
166	8	हफते	1.18677	779.8074791568455,0.25869
166	9	शाम	0.16923	167.92565889587127,0.59678
166	10	के	0.27095	145.61710593058092,0.39596
166	11	समय	0.36837	298.1699580311131,0.65977
166	12	उठाया	0.39969	373.54278511346774,0.14537
166	13	था	0.08433	123.30855296529035,0.21276
166	14	दो	0.59445	311.8655058845902,1.08436
166	15	साल	0.20830	638.3850797978894,0.67869
166	16	से	0.16489	190.23421186116184,0.26849
166	17	एक	0.59999	507.07393704304695,0.89666
166	18	जगह	0.25931	985.8736808552685,0.68524
166	19	पर	0.17535	212.54276482645218,0.33077
166	20	सड़	0.67046	801.4718758908348,0.24879
166	21	रहीं	0.08820	145.6171059305807,0.21243
166	22	थीं।	0.12743	298.1699580311133,0.2488
168	1	वह	0.00071	51.0,0.10484
168	2	फाइलें	0.20159	174.30855296529043,0.88503
168	3	जिनको	0.00891	51.00000000000003,0.05763
168	4	पिछले	0.08834	51.0,0.5069
168	5	हफते	0.99653	537.5364587679538,0.20993
168	6	शाम	0.16923	145.6171059305808,0.59678
168	7	के	0.27095	123.30855296529046,0.39596
168	8	समय	0.36837	244.57055928758768,0.65977
168	9	उठाया	0.39969	362.0506808976336,0.14537
168	10	था	0.08433	123.30855296529035,0.21276
168	11	उस	0.64556	412.8546168750836,1.44894
168	12	लड़की	0.20739	515.4898310426111,0.61625
168	13	ने	0.16316	167.92565889587104,0.31225
168	14	दो	0.60168	349.04826687707737,0.89464
168	15	साल	0.25783	781.3837774680842,0.69327
168	16	से	0.16489	190.23421186116138,0.26849
168	17	एक	0.59999	574.1257222884851,0.89666
168	18	जगह	0.25931	1150.0027409801824,0.68524
168	19	पर	0.17535	212.54276482645218,0.33077
168	20	सड़	0.67046	896.225342571287,0.24879
168	21	रहीं	0.08820	145.6171059305807,0.21243
168	22	थीं।	0.12743	298.1699580311133,0.2488
170	1	वह	0.00071	51.0,0.10484
170	2	हलवाई	0.20173	174.30855296529043,0.88503
170	3	जिसने	0.00892	51.00000000000003,0.05763
170	4	कढाई	0.09194	51.0,0.51819
170	5	बड़ी	0.62546	51.0,2.32016
170	6	सावधानी	1.09646	395.92912833426476,1.1328
170	7	से	0.01270	123.30855296529046,0.12386
170	8	पकड़ी	1.29139	697.1963600849622,0.16901
170	9	थी	0.00221	123.30855296529035,0.00474
170	10	इस	0.30001	244.57055928758768,0.83662
170	11	मोहल्ले	0.16439	353.92614755459067,0.62413
170	12	में	0.14901	145.6171059305807,0.23444
170	13	एक	0.57858	300.6896972323166,0.97236
170	14	नई	0.23896	484.8547453555434,0.40223
170	15	दुकान	0.19863	674.3075366338671,0.75511
170	16	खोल	0.65284	458.86844932454323,0.23684
170	17	रहा	0.17921	145.6171059305807,0.21939
170	18	है।	0.45055	374.4427550262244,0.51085
172	1	वह	0.00071	51.0,0.10484
172	2	हलवाई	0.20173	174.30855296529043,0.88503
172	3	जिसने	0.00892	51.00000000000003,0.05763
172	4	बड़ी	0.09072	51.0,0.51819
172	5	सावधानी	0.97498	196.6171059305808,1.79524
172	6	से	0.01270	123.30855296529046,0.12386
172	7	पकड़ी	1.29139	669.5958665535985,0.16901
172	8	थी	0.00221	123.30855296529035,0.00474
172	9	कढाई	0.06504	244.57055928758768,0.0269
172	10	इस	0.49246	286.28409836972696,1.32387
172	11	मोहल्ले	0.15468	408.5300900221796,0.6121
172	12	में	0.14901	145.6171059305807,0.23444
172	13	एक	0.57858	316.1716619159506,0.97236
172	14	नई	0.23896	402.8879546738508,0.40223
172	15	दुकान	0.19863	713.7556914421093,0.75511
172	16	खोल	0.65284	641.739762350905,0.23684
172	17	रहा	0.17921	145.6171059305807,0.21939
172	18	है।	0.45055	387.89446497654444,0.51085
174	1	वह	0.00054	51.0,0.03664
174	2	कढाई	0.75410	224.30855296529046,0.09547
174	3	जिसको	0.20924	145.6171059305808,0.91186
174	4	उस	0.26311	200.05665267703773,0.98728
174	5	हलवाई	0.22969	217.02091398756863,0.63322
174	6	ने	0.16328	123.30855296529046,0.31225
174	7	बड़ी	0.58895	291.37532636599474,0.58755
174	8	सावधानी	0.28070	356.164364463963,0.66936
174	9	से	0.16514	145.61710593058092,0.27463
174	10	पकड़ा	0.67543	453.2501468181424,0.24341
174	11	था	0.08459	123.30855296529035,0.21243
174	12	असली	0.59771	494.48762804362104,0.76889
174	13	पीतल	0.21891	633.5355704573599,0.6537
174	14	से	0.16515	167.92565889587104,0.27463
174	15	बनी	0.67441	755.6346893604277,0.24272
174	16	है।	0.82371	353.6468120237805,0.5631
176	1	वह	0.00054	51.0,0.03664
176	2	कढाई	0.75410	224.30855296529046,0.09547
176	3	जिसको	0.20924	145.6171059305808,0.91186
176	4	बड़ी	0.21287	200.05665267703773,0.40838
176	5	सावधानी	0.24688	217.02091398756863,0.6584
176	6	से	0.16514	123.30855296529046,0.27463
176	7	पकड़ा	0.67543	381.75065273198913,0.24341
176	8	था	0.08459	123.30855296529035,0.21243
176	9	उस	0.65184	315.43863590465617,1.47843
176	10	हलवाई	0.20797	401.4908943999119,0.59838
176	11	ने	0.16328	145.6171059305807,0.31225
176	12	असली	0.58888	494.3473053161779,0.59532
176	13	पीतल	0.28041	633.3307722636482,0.66925
176	14	से	0.16515	167.9256588958715,0.27463
176	15	बनी	0.67441	755.4403029016075,0.24272
176	16	है।	0.82371	353.5830180385319,0.5631
178	1	वह	0.00071	51.0,0.10484
178	2	कुली	1.01695	174.30855296529043,1.59237
178	3	जिसने	0.01340	51.00000000000003,0.72469
178	4	बड़ी	0.13244	51.0,0.53877
178	5	अटैची	1.43176	322.1980044095982,0.53633
178	6	एक	0.02780	51.0,0.79291
178	7	झटके	0.62192	196.6171059305808,0.53395
178	8	में	0.01160	123.30855296529046,0.24006
178	9	उठा	1.42513	687.7795920736703,0.30718
178	10	ली	0.00245	123.30855296529035,0.23955
178	11	थी	0.04016	244.5705592875879,0.24132
178	12	रात	0.12954	353.92614755459044,1.22204
178	13	में	0.22775	145.6171059305807,0.27939
178	14	टैक्सी	0.48931	599.7587889292663,0.81333
178	15	चलाता	0.85826	398.40839034019064,0.30523
178	16	है।	0.44530	289.52978998485423,0.55938
180	1	वह	0.00071	51.0,0.10484
180	2	कुली	1.01695	174.30855296529043,1.59237
180	3	जिसने	0.01340	51.00000000000003,0.72469
180	4	एक	0.06571	51.0,0.74469
180	5	झटके	1.03312	174.30855296529046,0.53198
180	6	में	0.01130	123.30855296529046,0.24006
180	7	उठा	1.43161	666.9031391437949,0.30718
180	8	ली	0.00245	123.30855296529035,0.23955
180	9	थी	0.04016	244.57055928758768,0.24132
180	10	बड़ी	0.14304	218.64204918486348,0.82859
180	11	अटैची	0.17112	314.81714149008235,0.53051
180	12	रात	0.66306	447.6980765456897,0.89038
180	13	में	0.21397	145.6171059305807,0.26073
180	14	टैक्सी	0.51144	707.8920747800257,0.86229
180	15	चलाता	0.85826	450.8573590059227,0.30523
180	16	है।	0.44530	314.9457065746774,0.55938
182	1	वह	0.00054	51.0,0.03664
182	2	बड़ी	0.02633	51.0,0.59731
182	3	अटैची	0.37683	174.30855296529046,1.80058
182	4	जिसको	0.01603	51.0,0.86563
182	5	उस	0.02087	51.0,0.08714
182	6	कुली	0.65454	196.6171059305808,1.15677
182	7	ने	0.01345	123.30855296529046,0.15823
182	8	एक	0.01596	101.0,0.30892
182	9	झटके	0.44204	218.92565889587127,1.2609
182	10	में	0.01160	145.6171059305808,0.11224
182	11	उठा	2.10933	1169.421205118251,0.19739
182	12	लिया	0.00243	123.30855296529035,0.31303
182	13	था	0.04042	244.5705592875879,0.3035
182	14	ट्रेन	0.12947	421.5681967394539,1.12962
182	15	में	0.22814	167.9256588958715,0.36874
182	16	गुम	0.41470	408.9980536731159,0.5892
182	17	हो	0.31919	390.3240135783549,0.11212
182	18	गयी।	0.12708	167.9256588958715,0.27902
184	1	वह	0.00054	51.0,0.03664
184	2	बड़ी	0.02633	51.0,0.59731
184	3	अटैची	0.37683	174.30855296529046,1.80058
184	4	जिसको	0.01603	51.0,0.86563
184	5	एक	0.04556	51.0,0.30113
184	6	झटके	0.77026	196.6171059305808,1.18441
184	7	में	0.01130	123.30855296529046,0.11699
184	8	उठा	1.85235	881.7806862098915,0.13971
184	9	लिया	0.00243	123.30855296529035,0.31303
184	10	था	0.04042	244.57055928758768,0.3035
184	11	उस	0.21119	218.6420491848637,1.71111
184	12	कुली	0.16005	396.7257122351234,0.60362
184	13	ने	0.16328	145.6171059305807,0.41172
184	14	ट्रेन	0.66355	648.021295045331,0.91249
184	15	में	0.10386	167.9256588958715,0.3158
184	16	गुम	0.71590	487.0173373623552,0.6558
184	17	हो	0.31919	465.42652865424907,0.11212
184	18	गयी।	0.12708	167.9256588958715,0.27902
186	1	वह	0.00071	51.0,0.10484
186	2	अध्यापक	0.20181	174.30855296529043,0.88503
186	3	जिसने	0.00892	51.00000000000003,0.05763
186	4	किताबें	1.16975	196.6171059305808,0.58196
186	5	पिछले	0.04414	51.0,0.51162
186	6	साल	0.64540	218.92565889587127,2.42184
186	7	गर्मियों	0.90791	51.0,0.65691
186	8	में	0.00976	123.30855296529046,0.10869
186	9	बेचीं	1.44691	870.1184447347431,0.22958
186	10	थीं	0.00226	123.30855296529035,0.00482
186	11	बरेली	0.08621	197.78527964379373,0.35241
186	12	का	0.70494	145.6171059305807,0.66941
186	13	रहनेवाला	0.25689	356.2776516929043,0.11273
186	14	वह	0.63418	340.9107778948305,1.41425
186	15	अध्यापक	0.15185	706.5003091495009,0.63719
186	16	जिसने	0.63278	428.3982066311323,1.68743
186	17	पिछले	0.19934	457.0579334555873,0.65207
186	18	साल	0.19945	1152.8016080660254,1.04343
186	19	गर्मियों	0.67001	1535.6435515036528,0.97748
186	20	में	0.21465	167.9256588958715,0.26075
186	21	बेचीं	0.48469	912.4435013830598,0.22554
186	22	थीं	0.08732	145.6171059305816,0.2191
186	23	किताबें	0.49269	2264.998934711555,1.19688
186	24	बरेली	0.52795	744.8972259735528,0.62692
186	25	का	0.66818	190.23421186116138,0.62937
186	26	रहनेवाला	0.27004	1451.8662776117671,0.1194
186	27	वह	0.63418	1152.6201494298093,1.41425
186	28	किताबें	0.15189	3303.814576360148,0.63719
186	29	जिनको	0.63288	1331.943088754142,1.68743
186	30	उस	0.26753	1790.2972295317886,0.11767
186	31	अध्यापक	0.18235	4457.113775003512,1.69933
186	32	ने	0.16329	212.54276482645218,0.31225
186	33	पिछले	0.55802	1644.376726953713,0.63624
186	34	साल	0.23324	5618.344937554826,0.77191
186	35	गर्मियों	0.67001	6744.074240438218,0.97748
186	36	में	0.21465	234.85131779174117,0.26075
186	37	बेचा	0.48468	3244.2531642957038,0.22554
186	38	था	0.08471	167.92565889587422,0.21268
186	39	पुरानी	0.56532	2742.6609984154566,0.81
186	40	हो	0.17357	4085.5923096339393,0.10316
186	41	रहीं	0.11811	190.2342118611632,0.1892
186	42	थीं।	0.15954	417.5492793523663,0.22344
188	1	वह	0.00071	51.0,0.10484
188	2	किताबें	0.20171	174.30855296529043,0.88503
188	3	जिनको	0.00893	51.00000000000003,0.05763
188	4	पिछले	0.08834	51.0,0.5069
188	5	साल	0.95661	196.6171059305808,1.78831
188	6	गर्मियों	0.90043	51.0,0.65691
188	7	में	0.00976	123.30855296529046,0.10869
188	8	बेचा	1.50962	858.936961974512,0.22958
188	9	था	0.00219	123.30855296529035,0.00449
188	10	उस	0.20957	244.57055928758768,0.66521
188	11	अध्यापक	0.16063	421.5681967394539,0.67308
188	12	ने	0.16329	145.6171059305807,0.31225
188	13	पुरानी	0.55692	406.89419421075036,0.63672
188	14	हो	0.32006	388.32486653772594,0.11817
188	15	रहीं	0.11811	145.6171059305807,0.1892
188	16	थीं।	0.15954	298.1699580311133,0.22344
