item	roi	word	surprisal	retrieval
2	1	वह	0.10484	51.0
2	2	लड़का	0.88503	174.30855296529043
2	3	जिसने	0.05763	51.00000000000003
2	4	किताब	0.58196	51.0
2	5	बहुत	0.13633	51.0
2	6	दिलचस्पी	2.57874	799.7877517456631
2	7	से	0.12449	123.30855296529035
2	8	पढ़ी	0.16913	513.4890444180542
2	9	थी	0.00475	123.30855296529035
2	10	मेरा	0.82127	101.0
2	11	दोस्त	0.88361	51.0
2	12	है	0.93078	145.6171059305807
2	13	।	0.32132	200.05665267703762
4	1	वह	0.10484	51.0
4	2	लड़का	0.88503	174.30855296529043
4	3	जिसने	0.05763	51.00000000000003
4	4	बहुत	0.12019	51.0
4	5	दिलचस्पी	1.71905	395.92912833426476
4	6	से	0.12449	123.30855296529046
4	7	पढ़ी	0.16913	491.9260141593554
4	8	थी	0.00475	123.30855296529035
4	9	किताब	0.66873	291.35583893138164
4	10	मेरा	1.40813	101.0
4	11	दोस्त	0.74425	51.0
4	12	है	0.93078	145.6171059305807
4	13	।	0.32132	200.05665267703762
6	1	वह	0.10484	51.0
6	2	किताब	0.88503	174.30855296529043
6	3	जिसको	0.05763	51.00000000000003
6	4	उस	0.08714	51.0
6	5	लड़के	1.15604	196.6171059305808
6	6	ने	0.15816	123.30855296529046
6	7	बहुत	0.13370	101.0
6	8	दिलचस्पी	2.61947	912.9640572457325
6	9	से	0.12449	145.61710593058092
6	10	पढ़ा	0.16913	535.7826439769149
6	11	था	0.00447	123.30855296529035
6	12	बहुत	0.38840	197.78527964379373
6	13	मोटी	0.37364	215.1786852650116
6	14	है	0.51729	308.717143793644
6	15	।	0.02397	247.07922868292553
8	1	वह	0.10484	51.0
8	2	किताब	0.88503	174.30855296529043
8	3	जिसको	0.05763	51.00000000000003
8	4	बहुत	0.12019	51.0
8	5	दिलचस्पी	1.71905	395.92912833426476
8	6	से	0.12449	123.30855296529046
8	7	पढ़ा	0.16913	491.9260141593554
8	8	था	0.00447	123.30855296529035
8	9	उस	0.66822	101.0
8	10	लड़के	0.67069	466.22435038599156
8	11	ने	0.31225	145.61710593058092
8	12	बहुत	0.70836	299.14719445957144
8	13	मोटी	0.39120	260.8367708352357
8	14	है	0.51729	392.73895559820494
8	15	।	0.02397	286.8008896329975
10	1	वह	0.10484	51.0
10	2	बच्चा	0.88546	174.30855296529043
10	3	जिसने	0.05615	51.00000000000003
10	4	रोटी	0.58196	51.0
10	5	बहुत	0.13633	51.0
10	6	जल्दी	1.60613	174.30855296529046
10	7	से	0.77508	123.30855296529046
10	8	खायी	0.32317	869.9675593470027
10	9	थी	0.00345	123.30855296529035
10	10	मेरा	0.93573	244.57055928758768
10	11	भतीजा	0.73649	353.92614755459044
10	12	है	0.97100	145.6171059305807
10	13	।	0.19198	300.6896972323166
12	1	वह	0.10484	51.0
12	2	बच्चा	0.88546	174.30855296529043
12	3	जिसने	0.05615	51.00000000000003
12	4	बहुत	0.12019	51.0
12	5	जल्दी	1.53771	174.30855296529046
12	6	से	0.79992	123.30855296529046
12	7	खायी	0.25957	666.9031391437949
12	8	थी	0.00345	123.30855296529035
12	9	रोटी	0.48695	244.57055928758768
12	10	मेरा	1.52260	286.28409836972696
12	11	भतीजा	0.76872	408.5300900221798
12	12	है	0.97100	145.6171059305807
12	13	।	0.19198	316.1716619159506
14	1	वह	0.10484	51.0
14	2	रोटी	0.88503	174.30855296529043
14	3	जिसको	0.05763	51.00000000000003
14	4	उस	0.08714	51.0
14	5	बच्चे	1.18201	196.6171059305808
14	6	ने	0.15782	123.30855296529046
14	7	बहुत	0.12960	101.0
14	8	जल्दी	1.56800	174.30855296529046
14	9	से	0.77508	123.30855296529035
14	10	खाया	0.31709	916.620614806651
14	11	था	0.00324	123.30855296529057
14	12	दो	0.45852	197.78527964379373
14	13	दिन	0.59341	343.5360557950344
14	14	पुरानी	0.53282	237.43621723153638
14	15	है	0.47640	348.87051597081154
14	16	।	0.02219	265.8588540677306
16	1	वह	0.10484	51.0
16	2	रोटी	0.88503	174.30855296529043
16	3	जिसको	0.05763	51.00000000000003
16	4	बहुत	0.12019	51.0
16	5	जल्दी	1.53771	174.30855296529046
16	6	से	0.79992	123.30855296529046
16	7	खाया	0.25817	666.9031391437949
16	8	था	0.00324	123.30855296529035
16	9	उस	0.90671	101.0
16	10	बच्चे	0.50922	374.7967344714443
16	11	ने	0.30865	123.30855296529035
16	12	दो	0.78991	293.3201173025941
16	13	दिन	0.60803	464.1716415406813
16	14	पुरानी	0.53282	275.2050579080492
16	15	है	0.47640	420.1647852484339
16	16	।	0.02219	300.0385852411705
18	1	वह	0.10484	51.0
18	2	आदमी	0.89087	174.30855296529043
18	3	जिसने	0.05765	51.00000000000003
18	4	सब्जीयाँ	0.58196	51.0
18	5	धीरे-धीरे	0.46413	51.0
18	6	चुनी	0.29432	717.5967190957491
18	7	थीं	0.00424	123.30855296529035
18	8	मेरे	0.92002	101.0
18	9	मुहल्ले	0.86735	51.0
18	10	में	0.11021	123.30855296529035
18	11	रहता	0.15136	772.5894779551129
18	12	है	0.15692	145.6171059305807
18	13	।	0.42122	320.68046259011226
20	1	वह	0.10484	51.0
20	2	आदमी	0.89087	174.30855296529043
20	3	जिसने	0.05765	51.00000000000003
20	4	धीरे-धीरे	0.41509	51.0
20	5	चुनी	0.23347	537.5364587679538
20	6	थीं	0.00424	123.30855296529046
20	7	सब्जीयाँ	0.59073	244.5705592875878
20	8	मेरे	1.50579	101.0
20	9	मुहल्ले	0.73001	51.0
20	10	में	0.11021	123.30855296529035
20	11	रहता	0.15655	796.1743035267757
20	12	है	0.15692	145.6171059305807
20	13	।	0.42122	331.15431049222343
22	1	वह	0.10484	51.0
22	2	सब्जीयाँ	0.88503	174.30855296529043
22	3	जिनको	0.05763	51.00000000000003
22	4	उस	0.08714	51.0
22	5	आदमी	1.16663	196.6171059305808
22	6	ने	0.15734	123.30855296529046
22	7	धीरे-धीरे	0.43695	101.0
22	8	चुना	0.28574	779.8074791568455
22	9	था	0.00396	123.30855296529035
22	10	बहुत	0.34041	197.78527964379396
22	11	महंगी	0.33380	215.1786852650116
22	12	हैं	0.44804	308.717143793644
22	13	।	0.02667	247.07922868292553
24	1	वह	0.10484	51.0
24	2	सब्जीयाँ	0.88503	174.30855296529043
24	3	जिनको	0.05763	51.00000000000003
24	4	धीरे-धीरे	0.41509	51.0
24	5	चुना	0.23303	537.5364587679538
24	6	था	0.00396	123.30855296529046
24	7	उस	0.75622	101.00000000000011
24	8	आदमी	0.59979	374.79673447144455
24	9	ने	0.31090	123.30855296529035
24	10	बहुत	0.66154	293.32011730259387
24	11	महंगी	0.35136	255.39054718022726
24	12	हैं	0.44804	382.4264901055967
24	13	।	0.02667	281.84866933648436
26	1	वह	0.10484	51.0
26	2	बच्ची	0.88503	174.30855296529043
26	3	जिसने	0.05763	51.00000000000003
26	4	मिठाई	0.40182	51.0
26	5	आराम	2.28668	395.92912833426476
26	6	से	0.12512	123.30855296529046
26	7	खायी	0.16720	491.9260141593554
26	8	थी	0.00469	123.30855296529035
26	9	मेरी	0.83950	101.0
26	10	बहन	0.86528	51.0
26	11	है	0.92933	145.61710593058092
26	12	।	0.32072	200.05665267703785
28	1	वह	0.10484	51.0
28	2	बच्ची	0.88503	174.30855296529043
28	3	जिसने	0.05763	51.00000000000003
28	4	आराम	0.58794	51.0
28	5	से	0.12290	123.30855296529046
28	6	खायी	0.22487	644.0268564457308
28	7	थी	0.00469	123.30855296529035
28	8	मिठाई	0.66161	291.35583893138164
28	9	मेरी	1.42309	101.0
28	10	बहन	0.72817	51.0
28	11	है	0.92933	145.61710593058092
28	12	।	0.32072	200.05665267703785
30	1	वह	0.10484	51.0
30	2	मिठाई	0.88503	174.30855296529043
30	3	जिसको	0.05763	51.00000000000003
30	4	उस	0.08714	51.0
30	5	बच्ची	1.15604	196.6171059305808
30	6	ने	0.15816	123.30855296529046
30	7	आराम	0.64008	101.0
30	8	से	0.12910	145.6171059305808
30	9	खाया	0.27584	895.6554648046501
30	10	था	0.00441	123.30855296529035
30	11	बहुत	0.38282	197.78527964379396
30	12	मीठी	0.36557	215.17868526501115
30	13	होती	0.11787	308.717143793644
30	14	है	0.13444	145.6171059305807
30	15	।	0.48211	306.54668076626695
32	1	वह	0.10484	51.0
32	2	मिठाई	0.88503	174.30855296529043
32	3	जिसको	0.05763	51.00000000000003
32	4	आराम	0.58794	51.0
32	5	से	0.12290	123.30855296529046
32	6	खाया	0.22398	644.0268564457308
32	7	था	0.00441	123.30855296529035
32	8	उस	0.67728	101.0
32	9	बच्ची	0.66355	466.22435038599156
32	10	ने	0.31225	145.61710593058092
32	11	बहुत	0.70278	299.14719445957144
32	12	मीठी	0.38314	260.8367708352357
32	13	होती	0.11787	392.73895559820494
32	14	है	0.13444	145.6171059305807
32	15	।	0.48211	343.65610839211877
34	1	वह	0.10484	51.0
34	2	औरत	0.88503	174.30855296529043
34	3	जिसने	0.05763	51.00000000000003
34	4	नाव	0.58196	51.0
34	5	पिछले	0.51162	51.0
34	6	हफ्ते	2.45073	799.7877517456631
34	7	खरीदी	0.16514	430.18230980103544
34	8	थी	0.00428	123.30855296529035
34	9	इस	0.94919	101.0
34	10	गाँव	0.56795	560.8380650761624
34	11	की	0.24776	123.30855296529035
34	12	सरपंच	0.91117	709.3907143672459
34	13	है	0.88814	145.6171059305807
34	14	।	0.21622	337.6815202133116
36	1	वह	0.10484	51.0
36	2	औरत	0.88503	174.30855296529043
36	3	जिसने	0.05763	51.00000000000003
36	4	पिछले	0.50690	51.0
36	5	हफ्ते	1.79677	395.92912833426476
36	6	खरीदी	0.16514	406.3016002352248
36	7	थी	0.00428	123.30855296529035
36	8	नाव	0.58628	291.35583893138164
36	9	इस	1.25179	101.0
36	10	गाँव	0.59755	635.0019812971013
36	11	की	0.24776	123.30855296529035
36	12	सरपंच	0.91117	790.6033310190405
36	13	है	0.88814	145.6171059305807
36	14	।	0.21622	352.793185007441
38	1	वह	0.10484	51.0
38	2	नाव	0.88503	174.30855296529043
38	3	जिसको	0.05763	51.00000000000003
38	4	उस	0.08714	51.0
38	5	औरत	1.15604	196.6171059305808
38	6	ने	0.15816	123.30855296529046
38	7	पिछले	0.48400	101.0
38	8	हफ्ते	2.48666	912.9640572457325
38	9	खरीदा	0.16516	450.65902985600223
38	10	था	0.00404	123.30855296529035
38	11	बहुत	0.33843	197.78527964379373
38	12	प्रसिद्ध	0.33271	279.35737053002276
38	13	है	0.51665	316.4683897963814
38	14	।	0.02581	250.6650868851657
40	1	वह	0.10484	51.0
40	2	नाव	0.88503	174.30855296529043
40	3	जिसको	0.05763	51.00000000000003
40	4	पिछले	0.50690	51.0
40	5	हफ्ते	1.79677	395.92912833426476
40	6	खरीदा	0.16516	406.3016002352248
40	7	था	0.00404	123.30855296529035
40	8	उस	0.76502	101.0
40	9	औरत	0.60303	466.22435038599156
40	10	ने	0.31225	123.30855296529035
40	11	बहुत	0.65839	298.0318452867789
40	12	प्रसिद्ध	0.35028	368.5825321457828
40	13	है	0.51665	399.4533416499976
40	14	।	0.02581	290.03322432800223
42	1	वह	0.10484	51.0
42	2	लड़की	0.88503	174.30855296529043
42	3	जिसने	0.05763	51.00000000000003
42	4	कविता	0.58196	51.0
42	5	सारे	0.17620	51.0
42	6	लोगो	2.59854	799.7877517456631
42	7	के	0.09423	123.30855296529035
42	8	सामने	0.56740	197.78527964379373
42	9	गायी	0.18040	539.7687209249345
42	10	थी	0.00421	123.30855296529057
42	11	बहुत	0.33823	197.78527964379373
42	12	गरीब	0.33374	215.1786852650116
42	13	है	0.51654	308.717143793644
42	14	।	0.02457	247.07922868292553
44	1	वह	0.10484	51.0
44	2	लड़की	0.88503	174.30855296529043
44	3	जिसने	0.05763	51.00000000000003
44	4	सारे	0.15555	51.0
44	5	लोगो	1.74404	395.92912833426476
44	6	के	0.09423	123.30855296529046
44	7	सामने	0.56740	197.78527964379396
44	8	गायी	0.18040	520.084883699936
44	9	थी	0.00421	123.30855296529035
44	10	कविता	0.58595	291.35583893138164
44	11	बहुत	0.58763	221.93652087260534
44	12	गरीब	0.34101	235.83929199468594
44	13	है	0.51654	345.9265284071489
44	14	।	0.02457	264.46687068192387
46	1	वह	0.10484	51.0
46	2	कविता	0.88503	174.30855296529043
46	3	जिसको	0.05763	51.00000000000003
46	4	उस	0.08714	51.0
46	5	लड़की	1.15604	196.6171059305808
46	6	ने	0.15816	123.30855296529046
46	7	सारे	0.17022	101.0
46	8	लोगो	2.64255	912.9640572457325
46	9	के	0.09423	145.61710593058092
46	10	सामने	0.56740	200.05665267703785
46	11	गाया	0.18026	560.4436435086682
46	12	था	0.00397	123.30855296529035
46	13	काफी	0.26215	197.78527964379373
46	14	पुरानी	0.33854	215.1786852650116
46	15	है	0.51914	308.717143793644
46	16	।	0.02457	247.07922868292553
48	1	वह	0.10484	51.0
48	2	कविता	0.88503	174.30855296529043
48	3	जिसको	0.05763	51.00000000000003
48	4	सारे	0.15555	51.0
48	5	लोगो	1.74404	395.92912833426476
48	6	के	0.09423	123.30855296529046
48	7	सामने	0.56740	197.78527964379396
48	8	गाया	0.18026	520.084883699936
48	9	था	0.00397	123.30855296529035
48	10	उस	0.76380	101.0
48	11	लड़की	0.60339	466.22435038599133
48	12	ने	0.31225	145.6171059305807
48	13	काफी	0.57855	299.14719445957144
48	14	पुरानी	0.35630	260.8367708352357
48	15	है	0.51914	392.73895559820494
48	16	।	0.02457	286.8008896329975
50	1	वह	0.10484	51.0
50	2	आदमी	0.89087	174.30855296529043
50	3	जिसने	0.05765	51.00000000000003
50	4	स्कूटर	0.57737	51.0
50	5	बड़ी	0.52236	51.0
50	6	मेहनत	2.45678	799.7877517456631
50	7	से	0.12406	123.30855296529035
50	8	साफ	0.52660	101.0
50	9	की	0.19370	610.2563414213985
50	10	थी	0.00392	123.30855296529057
50	11	पुराना	0.24364	291.35583893138164
50	12	कर्मचारी	0.63399	434.7460834904218
50	13	है	0.90142	145.6171059305807
50	14	।	0.20911	306.750845359903
52	1	वह	0.10484	51.0
52	2	आदमी	0.89087	174.30855296529043
52	3	जिसने	0.05765	51.00000000000003
52	4	बड़ी	0.51819	51.0
52	5	मेहनत	1.79406	395.92912833426476
52	6	से	0.12406	123.30855296529046
52	7	साफ	0.52660	101.0
52	8	की	0.19370	590.3770924988544
52	9	थी	0.00392	123.30855296529035
52	10	स्कूटर	0.18620	197.78527964379373
52	11	पुराना	0.33684	343.5360557950339
52	12	कर्मचारी	0.64834	410.3086516946091
52	13	है	0.90142	145.6171059305807
52	14	।	0.20911	316.68925622097095
54	1	वह	0.10484	51.0
54	2	स्कूटर	0.88197	174.30855296529043
54	3	जिसको	0.05753	51.00000000000003
54	4	उस	0.08714	51.0
54	5	आदमी	1.16663	196.6171059305808
54	6	ने	0.15734	123.30855296529046
54	7	बड़ी	0.49489	101.0
54	8	मेहनत	2.49034	912.9640572457325
54	9	से	0.12406	145.61710593058092
54	10	साफ	0.52660	101.0
54	11	किया	0.17779	630.8629088507098
54	12	था	0.00371	123.30855296529035
54	13	बैटरी	0.57037	338.14111857517537
54	14	से	0.31596	167.92565889587104
54	15	चलती	0.20750	375.52919052226844
54	16	है	0.13697	145.6171059305807
54	17	।	0.47202	313.69690971431464
56	1	वह	0.10484	51.0
56	2	स्कूटर	0.88197	174.30855296529043
56	3	जिसको	0.05753	51.00000000000003
56	4	बड़ी	0.51819	51.0
56	5	मेहनत	1.79251	395.92912833426476
56	6	से	0.12406	123.30855296529046
56	7	साफ	0.52660	101.0
56	8	किया	0.17779	590.3770924988544
56	9	था	0.00371	123.30855296529035
56	10	उस	0.77828	101.0
56	11	आदमी	0.58538	466.22435038599133
56	12	ने	0.31090	145.6171059305807
56	13	बैटरी	0.89796	593.5887778382853
56	14	से	0.26975	167.92565889587104
56	15	चलती	0.24032	462.2579702894859
56	16	है	0.13697	145.6171059305807
56	17	।	0.47202	352.6434571084678
58	1	वह	0.03664	51.0
58	2	माली	0.47577	51.0
58	3	जिसने	0.36759	51.0
58	4	लकड़ी	0.53220	51.0
58	5	बहुत	0.13633	51.0
58	6	दिलचस्पी	4.02857	1222.6638288660533
58	7	से	0.11257	123.30855296529035
58	8	रखी	0.12308	298.78527964379373
58	9	थी	0.00471	123.30855296529035
58	10	बहुत	0.38529	197.78527964379373
58	11	बूढ़ा	0.36731	215.17868526501115
58	12	है	0.51650	308.717143793644
58	13	।	0.02392	247.07922868292553
60	1	वह	0.10484	51.0
60	2	माली	0.88503	174.30855296529043
60	3	जिसने	0.05763	51.00000000000003
60	4	बहुत	0.12019	51.0
60	5	दिलचस्पी	1.71905	395.92912833426476
60	6	से	0.12449	123.30855296529046
60	7	रखी	0.16805	491.9260141593554
60	8	थी	0.00471	123.30855296529035
60	9	लकड़ी	0.66318	291.35583893138164
60	10	बहुत	0.63469	221.93652087260534
60	11	बूढ़ा	0.37458	235.83929199468594
60	12	है	0.51650	345.9265284071489
60	13	।	0.02392	264.46687068192387
62	1	वह	0.10484	51.0
62	2	लकड़ी	0.88503	174.30855296529043
62	3	जिसको	0.05763	51.00000000000003
62	4	उस	0.08714	51.0
62	5	माली	1.15604	196.6171059305808
62	6	ने	0.15816	123.30855296529046
62	7	बहुत	0.13370	101.0
62	8	दिलचस्पी	2.61947	912.9640572457325
62	9	से	0.12449	145.61710593058092
62	10	रखा	0.16781	535.7826439769149
62	11	था	0.00443	123.30855296529035
62	12	बहुत	0.38472	197.78527964379373
62	13	विचित्र	0.36713	215.1786852650116
62	14	है	0.51649	308.717143793644
62	15	।	0.02388	247.07922868292553
64	1	वह	0.10484	51.0
64	2	लकड़ी	0.88503	174.30855296529043
64	3	जिसको	0.05763	51.00000000000003
64	4	बहुत	0.12019	51.0
64	5	दिलचस्पी	1.71905	395.92912833426476
64	6	से	0.12449	123.30855296529046
64	7	रखा	0.16781	491.9260141593554
64	8	था	0.00443	123.30855296529035
64	9	उस	0.67419	101.0
64	10	माली	0.66597	466.22435038599156
64	11	ने	0.31225	145.61710593058092
64	12	बहुत	0.70468	299.14719445957144
64	13	विचित्र	0.38470	260.8367708352357
64	14	है	0.51649	392.73895559820494
64	15	।	0.02388	286.8008896329975
66	1	वह	0.10484	51.0
66	2	किसान	0.88503	174.30855296529043
66	3	जिसने	0.05763	51.00000000000003
66	4	फसल	0.58196	51.0
66	5	कल	0.60546	51.0
66	6	सुबाह	0.27197	51.0
66	7	मैदान	3.72797	1498.4184777513883
66	8	में	0.11458	123.30855296529035
66	9	काटी	0.16599	542.0654318094239
66	10	थी	0.00475	123.30855296529035
66	11	बहुत	0.38874	197.78527964379373
66	12	मेहनती	0.36992	215.1786852650116
66	13	है	0.51650	308.717143793644
66	14	।	0.02397	247.07922868292553
68	1	वह	0.10484	51.0
68	2	किसान	0.88503	174.30855296529043
68	3	जिसने	0.05763	51.00000000000003
68	4	कल	0.52839	51.0
68	5	सुबाह	0.26848	51.0
68	6	मैदान	2.92830	799.7877517456631
68	7	में	0.11458	123.30855296529035
68	8	काटी	0.16599	513.4890444180542
68	9	थी	0.00475	123.30855296529035
68	10	फसल	0.66873	338.14111857517537
68	11	बहुत	0.63814	225.08463517553218
68	12	मेहनती	0.37719	238.66395369032534
68	13	है	0.51650	351.13910140866756
68	14	।	0.02397	266.93284056757193
70	1	वह	0.10484	51.0
70	2	फसल	0.88503	174.30855296529043
70	3	जिसको	0.05763	51.00000000000003
70	4	उस	0.08714	51.0
70	5	किसान	1.15604	196.6171059305808
70	6	ने	0.15816	123.30855296529046
70	7	कल	0.57673	101.0
70	8	सुबाह	0.23837	51.0
70	9	मैदान	3.82137	1608.4245664140503
70	10	में	0.11458	145.6171059305807
70	11	काटा	0.16599	560.6971283076095
70	12	था	0.00447	123.30855296529035
70	13	काफी	0.30172	197.78527964379373
70	14	महंगी	0.36966	215.17868526501115
70	15	है	0.51650	308.717143793644
70	16	।	0.02397	247.07922868292553
72	1	वह	0.10484	51.0
72	2	फसल	0.88503	174.30855296529043
72	3	जिसको	0.05763	51.00000000000003
72	4	कल	0.52839	51.0
72	5	सुबाह	0.26848	51.0
72	6	मैदान	2.92830	799.7877517456631
72	7	में	0.11458	123.30855296529035
72	8	काटा	0.16599	513.4890444180542
72	9	था	0.00447	123.30855296529035
72	10	उस	0.66822	101.0
72	11	किसान	0.67069	560.8380650761628
72	12	ने	0.31225	145.6171059305807
72	13	काफी	0.61812	303.7430655505327
72	14	महंगी	0.38741	265.1587915834716
72	15	है	0.51650	400.9577528882842
72	16	।	0.02397	290.7582617384469
74	1	वह	0.03664	51.0
74	2	टी-टी	0.47577	51.0
74	3	जिसने	0.36759	51.0
74	4	सिगरेट	0.36296	51.0
74	5	वेटिंग	0.92532	51.0
74	6	रूम	4.11719	860.8207512500303
74	7	के	0.08198	123.30855296529035
74	8	सामने	0.58993	197.78527964379373
74	9	मांगी	0.13148	316.1786852650114
74	10	थी	0.00421	123.30855296529035
74	11	मेरी	0.94195	101.0
74	12	मौसी	0.83317	51.0
74	13	का	0.10304	145.61710593058092
74	14	रिशतेदार	0.66621	101.0
74	15	है	0.95293	145.6171059305807
74	16	।	0.33061	200.05665267703762
76	1	वह	0.03664	51.0
76	2	टी-टी	0.47577	51.0
76	3	जिसने	0.36759	51.0
76	4	वेटिंग	0.36296	51.0
76	5	रूम	3.69216	667.5967190957491
76	6	के	0.08198	123.30855296529046
76	7	सामने	0.58993	197.78527964379396
76	8	मांगी	0.13148	316.1786852650114
76	9	थी	0.00421	123.30855296529035
76	10	सिगरेट	0.58628	244.57055928758768
76	11	मेरी	1.52554	101.0
76	12	मौसी	0.70000	51.0
76	13	का	0.10304	145.6171059305807
76	14	रिशतेदार	0.52686	101.0
76	15	है	2.29712	987.7139688984312
76	16	।	0.02458	285.5497431380554
78	1	वह	0.10484	51.0
78	2	सिगरेट	0.88503	174.30855296529043
78	3	जिसको	0.05763	51.00000000000003
78	4	उस	0.08714	51.0
78	5	टी-टी	1.27422	174.30855296529046
78	6	ने	0.22972	123.30855296529046
78	7	वेटिंग	0.89655	101.0
78	8	रूम	2.83980	711.6482488235307
78	9	के	0.09511	145.61710593058092
78	10	सामने	0.55443	200.05665267703785
78	11	मांगा	0.17746	552.5057541637129
78	12	था	0.00398	123.30855296529035
78	13	विलायत	0.58600	291.35583893138164
78	14	से	0.31596	167.92565889587104
78	15	आती	0.20745	370.2166234210745
78	16	है	0.12780	145.6171059305807
78	17	।	0.50451	311.41833563247064
80	1	वह	0.10484	51.0
80	2	सिगरेट	0.88503	174.30855296529043
80	3	जिसको	0.05763	51.00000000000003
80	4	वेटिंग	0.40182	51.0
80	5	रूम	2.29181	395.92912833426476
80	6	के	0.09511	123.30855296529046
80	7	सामने	0.55443	197.78527964379396
80	8	मांगा	0.17746	520.084883699936
80	9	था	0.00398	123.30855296529035
80	10	उस	0.76299	101.0
80	11	टी-टी	0.71264	286.6769064203154
80	12	ने	0.74022	145.6171059305807
80	13	विलायत	0.71791	467.3216129633911
80	14	से	0.26975	167.92565889587104
80	15	आती	0.23956	438.31592145198374
80	16	है	0.12780	145.6171059305807
80	17	।	0.50451	341.63386896738166
82	1	वह	0.03664	51.0
82	2	बढ़ई	0.09547	224.30855296529046
82	3	जिसने	0.91186	145.6171059305808
82	4	अलमारी	0.73193	200.05665267703773
82	5	नीम	0.85418	283.0418279751374
82	6	के	0.23935	123.30855296529035
82	7	पेड़	0.86408	482.6159493843909
82	8	के	0.21854	145.61710593058092
82	9	नीचे	0.94146	200.05665267703785
82	10	बनायी	0.25659	460.95861220714687
82	11	थी	0.22499	123.30855296529035
82	12	यहाँ	1.89095	651.9595178032673
82	13	कई	1.01586	319.7309539246585
82	14	सालों	0.64890	861.9447721712245
82	15	से	0.25803	167.9256588958715
82	16	काम	0.93270	1227.2530947751657
82	17	कर	0.25321	845.6523465086539
82	18	रहा	0.17850	145.6171059305807
82	19	है	0.15021	298.1699580311133
82	20	।	0.51264	459.23704222681863
84	1	वह	0.03664	51.0
84	2	बढ़ई	0.09547	224.30855296529046
84	3	जिसने	0.91186	145.6171059305808
84	4	नीम	0.73193	200.05665267703773
84	5	के	0.24431	123.30855296529046
84	6	पेड़	0.85786	356.5628739731528
84	7	के	0.21854	145.61710593058092
84	8	नीचे	0.94146	200.05665267703785
84	9	बनायी	0.25659	428.17890196136955
84	10	थी	0.22499	123.30855296529035
84	11	अलमारी	1.07117	606.6564049991659
84	12	यहाँ	1.44343	613.0012200705542
84	13	कई	1.05130	323.33094283029004
84	14	सालों	0.64890	876.0169985204998
84	15	से	0.25803	167.9256588958715
84	16	काम	0.93270	1244.1692790786738
84	17	कर	0.25321	855.7197733524608
84	18	रहा	0.17850	145.6171059305807
84	19	है	0.15021	298.1699580311133
84	20	।	0.51264	462.43823826709195
86	1	वह	0.03664	51.0
86	2	अलमारी	0.09547	224.30855296529046
86	3	जिसको	0.91186	145.6171059305808
86	4	उस	0.98728	101.0
86	5	बढ़ई	0.63322	288.39836723572216
86	6	ने	0.31225	123.30855296529046
86	7	नीम	0.90681	378.7368689008632
86	8	के	0.21854	145.61710593058092
86	9	पेड़	0.90233	543.2418078275439
86	10	के	0.21854	167.92565889587104
86	11	नीचे	0.94146	202.2274140710133
86	12	बनाया	0.25611	497.158967809924
86	13	था	0.21921	123.30855296529035
86	14	लकड़ी	1.07088	870.1154793418223
86	15	की	0.22122	720.0923678948661
86	16	है	0.13944	145.6171059305807
86	17	।	0.46937	412.94541956492503
88	1	वह	0.03664	51.0
88	2	अलमारी	0.09547	224.30855296529046
88	3	जिसको	0.91186	145.6171059305808
88	4	नीम	0.73193	200.05665267703773
88	5	के	0.24431	123.30855296529046
88	6	पेड़	0.85786	356.5628739731528
88	7	के	0.21854	145.61710593058092
88	8	नीचे	0.94146	200.05665267703785
88	9	बनाया	0.25611	428.17890196136955
88	10	था	0.21921	123.30855296529035
88	11	उस	1.41129	150.99999999999977
88	12	बढ़ई	0.59838	697.6261733094061
88	13	ने	0.31225	167.9256588958715
88	14	लकड़ी	0.90681	872.7607537891749
88	15	की	0.25631	722.0460771494477
88	16	है	0.13944	145.6171059305807
88	17	।	0.46937	413.5733416502917
90	1	वह	0.10484	51.0
90	2	दुकानदार	0.88503	174.30855296529043
90	3	जिसने	0.05763	51.00000000000003
90	4	पुरानी	0.50685	51.0
90	5	बन्दूक	1.79008	395.92912833426476
90	6	इस	0.12467	51.0
90	7	साल	1.77759	473.8933696674102
90	8	एक-दो	0.16639	51.0
90	9	बार	1.76796	555.83941772771
90	10	म्यूजियम	0.63209	51.0
90	11	में	0.10869	123.30855296529035
90	12	दिखायी	0.22900	712.1587201831396
90	13	थी	0.00471	123.30855296529035
90	14	मशहूर	0.28760	244.57055928758746
90	15	संग्रहकर्ता	0.73745	556.8522951091809
90	16	है	0.90142	145.6171059305807
90	17	।	0.21062	310.17070549707387
92	1	वह	0.10484	51.0
92	2	दुकानदार	0.88503	174.30855296529043
92	3	जिसने	0.05763	51.00000000000003
92	4	इस	0.10931	51.0
92	5	साल	1.23177	196.6171059305808
92	6	एक-दो	0.31762	51.0
92	7	बार	1.22290	218.92565889587127
92	8	म्यूजियम	0.67193	51.0
92	9	में	0.10869	123.30855296529046
92	10	दिखायी	0.33835	1094.6169214665106
92	11	थी	0.00471	123.30855296529035
92	12	पुरानी	0.29573	197.78527964379373
92	13	बन्दूक	0.73782	471.8934263250567
92	14	मशहूर	0.60076	337.80219417328544
92	15	संग्रहकर्ता	0.74390	808.8180769915384
92	16	है	0.90142	145.61710593058115
92	17	।	0.21062	348.72160807621003
94	1	वह	0.10484	51.0
94	2	बन्दूक	0.88503	174.30855296529043
94	3	जिसको	0.05763	51.00000000000003
94	4	उस	0.08714	51.0
94	5	दुकानदार	1.15604	196.6171059305808
94	6	ने	0.15816	123.30855296529046
94	7	इस	0.12507	101.0
94	8	साल	2.29641	517.2243503859914
94	9	एक-दो	0.31762	51.0
94	10	बार	1.22290	241.2342118611616
94	11	म्यूजियम	0.67193	51.0
94	12	में	0.10869	145.61710593058092
94	13	दिखाया	0.33783	1160.673393703204
94	14	था	0.00442	123.30855296529035
94	15	अंग्रेज़ो	0.34696	197.78527964379373
94	16	के	0.62371	167.9256588958715
94	17	ज़माने	0.76625	675.1700983153169
94	18	की	0.25204	190.23421186116138
94	19	है	0.91122	257.6197117409447
94	20	।	0.21454	332.16495917699467
96	1	वह	0.10484	51.0
96	2	बन्दूक	0.88503	174.30855296529043
96	3	जिसको	0.05763	51.00000000000003
96	4	इस	0.10931	51.0
96	5	साल	1.23177	196.6171059305808
96	6	एक-दो	0.31762	51.0
96	7	बार	1.22290	218.92565889587127
96	8	म्यूजियम	0.67193	51.0
96	9	में	0.10869	123.30855296529046
96	10	दिखाया	0.33783	1094.6169214665106
96	11	था	0.00442	123.30855296529035
96	12	उस	0.67385	101.0
96	13	दुकानदार	0.66618	658.5276425675279
96	14	ने	0.31225	145.6171059305807
96	15	अंग्रेज़ो	0.69518	308.28195720952135
96	16	के	0.53993	167.9256588958715
96	17	ज़माने	0.79090	963.646465450156
96	18	की	0.25374	467.6827013775064
96	19	है	0.13944	145.6171059305807
96	20	।	0.46682	378.60810481925364
98	1	वह	0.10484	51.0
98	2	प्रोफेसर	0.88503	174.30855296529043
98	3	जिसने	0.05763	51.00000000000003
98	4	पहेली	0.40182	51.0
98	5	क्लास	2.29379	395.92912833426476
98	6	में	0.11223	123.30855296529046
98	7	सुलझाई	0.16723	491.9260141593554
98	8	थी	0.00475	123.30855296529035
98	9	गणित	0.66873	291.35583893138164
98	10	बहुत	0.63814	221.93652087260534
98	11	अच्छा	0.25556	235.83929199468594
98	12	पढ़ाते	0.11303	345.9265284071489
98	13	हैं	0.17020	145.6171059305807
98	14	।	0.45241	322.58788746753817
100	1	वह	0.10484	51.0
100	2	प्रोफेसर	0.88503	174.30855296529043
100	3	जिसने	0.05763	51.00000000000003
100	4	क्लास	0.58265	51.0
100	5	में	0.11020	123.30855296529046
100	6	सुलझाई	0.22512	644.0268564457308
100	7	थी	0.00475	123.30855296529035
100	8	पहेली	0.56392	197.78527964379373
100	9	गणित	0.80014	343.53605579503414
100	10	बहुत	0.69605	237.43621723153638
100	11	अच्छा	0.25556	249.935257985406
100	12	पढ़ाते	0.11303	372.1526156562768
100	13	हैं	0.17020	145.6171059305807
100	14	।	0.45241	334.29503922610684
102	1	वह	0.10484	51.0
102	2	पहेली	0.88503	174.30855296529043
102	3	जिसको	0.05763	51.00000000000003
102	4	उस	0.08714	51.0
102	5	प्रोफेसर	1.15604	196.6171059305808
102	6	ने	0.15816	123.30855296529046
102	7	क्लास	0.63462	101.0
102	8	में	0.11566	145.6171059305808
102	9	सुलझाया	0.27741	895.6554648046501
102	10	था	0.00447	123.30855296529035
102	11	बहुत	0.38840	197.78527964379396
102	12	कठिन	0.36992	215.17868526501115
102	13	थी	0.35215	308.717143793644
102	14	।	0.03296	247.07922868292553
104	1	वह	0.10484	51.0
104	2	पहेली	0.88503	174.30855296529043
104	3	जिसको	0.05763	51.00000000000003
104	4	क्लास	0.58265	51.0
104	5	में	0.11020	123.30855296529046
104	6	सुलझाया	0.22512	644.0268564457308
104	7	था	0.00447	123.30855296529035
104	8	उस	0.66822	101.0
104	9	प्रोफेसर	0.67069	466.22435038599156
104	10	ने	0.31225	145.61710593058092
104	11	बहुत	0.70836	299.14719445957144
104	12	कठिन	0.38749	260.8367708352357
104	13	थी	0.35215	392.73895559820494
104	14	।	0.03296	286.8008896329975
106	1	वह	0.10484	51.0
106	2	ग्राहक	0.88503	174.30855296529043
106	3	जिसने	0.05763	51.00000000000003
106	4	कमीज	0.58196	51.0
106	5	बहुत	0.13633	51.0
106	6	जल्दीबाजी	2.57874	799.7877517456631
106	7	में	0.11141	123.30855296529035
106	8	खरीदी	0.16861	513.4890444180542
106	9	थी	0.00476	123.30855296529035
106	10	इस	0.83285	101.0
106	11	दुकान	0.62649	560.8380650761628
106	12	में	0.23444	145.6171059305807
106	13	कई	1.20706	406.48613110106544
106	14	बार	0.74132	743.3433083411296
106	15	आ	0.23788	442.812029112185
106	16	चुका	0.22037	145.6171059305807
106	17	है	0.16310	298.1699580311133
106	18	।	0.48215	375.43665786569
108	1	वह	0.10484	51.0
108	2	ग्राहक	0.88503	174.30855296529043
108	3	जिसने	0.05763	51.00000000000003
108	4	बहुत	0.12019	51.0
108	5	जल्दीबाजी	1.71905	395.92912833426476
108	6	में	0.11141	123.30855296529046
108	7	खरीदी	0.16861	491.9260141593554
108	8	थी	0.00476	123.30855296529035
108	9	कमीज	0.67070	291.35583893138164
108	10	इस	1.13545	101.0
108	11	दुकान	0.65582	635.0019812971013
108	12	में	0.23444	145.6171059305807
108	13	कई	1.20706	438.6802583175763
108	14	बार	0.74132	820.2499797332894
108	15	आ	0.23788	472.99402734576006
108	16	चुका	0.22037	145.6171059305807
108	17	है	0.16310	298.1699580311133
108	18	।	0.48215	389.02697913959946
110	1	वह	0.10484	51.0
110	2	कमीज	0.88503	174.30855296529043
110	3	जिसको	0.05763	51.00000000000003
110	4	उस	0.08714	51.0
110	5	ग्राहक	1.15604	196.6171059305808
110	6	ने	0.15816	123.30855296529046
110	7	बहुत	0.13370	101.0
110	8	जल्दीबाजी	2.61947	912.9640572457325
110	9	में	0.11141	145.61710593058092
110	10	खरीदा	0.16863	535.7826439769149
110	11	था	0.00448	123.30855296529035
110	12	जापान	0.35125	197.78527964379373
110	13	में	0.67226	167.92565889587104
110	14	बनती	0.11270	359.05669943843895
110	15	है	0.13908	145.6171059305807
110	16	।	0.46845	306.6892662128621
112	1	वह	0.10484	51.0
112	2	कमीज	0.88503	174.30855296529043
112	3	जिसको	0.05763	51.00000000000003
112	4	बहुत	0.12019	51.0
112	5	जल्दीबाजी	1.71905	395.92912833426476
112	6	में	0.11141	123.30855296529046
112	7	खरीदा	0.16863	491.9260141593554
112	8	था	0.00448	123.30855296529035
112	9	उस	0.66639	101.0
112	10	ग्राहक	0.67213	466.22435038599156
112	11	ने	0.31225	145.61710593058092
112	12	जापान	0.69947	299.14719445957144
112	13	में	0.58322	167.92565889587104
112	14	बनती	0.12864	439.24938736131026
112	15	है	0.13908	145.6171059305807
112	16	।	0.46845	342.0601825806234
114	1	वह	0.10484	51.0
114	2	लड़का	0.88503	174.30855296529043
114	3	जिसने	0.05763	51.00000000000003
114	4	मोटरसाइकिल	0.58196	51.0
114	5	पिछले	0.51162	51.0
114	6	हफते	0.26661	717.5967190957491
114	7	खरीदी	0.02274	145.61710593058092
114	8	थी	0.39291	123.30855296529035
114	9	डाक्टरी	0.87882	393.0409181668456
114	10	की	0.29567	123.30855296529035
114	11	पढ़ाई	0.21183	487.7538855132552
114	12	कर	0.22739	145.6171059305807
114	13	रहा	0.22618	298.1699580311133
114	14	है	0.18139	442.64846666300673
114	15	।	0.46035	351.15367540960233
116	1	वह	0.10484	51.0
116	2	लड़का	0.88503	174.30855296529043
116	3	जिसने	0.05763	51.00000000000003
116	4	पिछले	0.50690	51.0
116	5	हफते	0.20993	537.5364587679538
116	6	खरीदी	0.02274	145.6171059305808
116	7	थी	0.39291	123.30855296529046
116	8	मोटरसाइकिल	0.76837	265.0136393889484
116	9	डाक्टरी	0.74020	308.4281574003503
116	10	की	0.24611	123.30855296529035
116	11	पढ़ाई	0.25021	514.1635159545781
116	12	कर	0.22739	145.6171059305807
116	13	रहा	0.22618	298.1699580311133
116	14	है	0.18139	442.64846666300673
116	15	।	0.46035	357.72982509397025
118	1	वह	0.10484	51.0
118	2	मोटरसाइकिल	0.88503	174.30855296529043
118	3	जिसको	0.05763	51.00000000000003
118	4	उस	0.08714	51.0
118	5	लड़के	1.15604	196.6171059305808
118	6	ने	0.15816	123.30855296529046
118	7	पिछले	0.48400	101.0
118	8	हफते	0.25869	779.8074791568455
118	9	खरीदा	0.02273	145.61710593058092
118	10	था	0.38370	123.30855296529035
118	11	बजाज	0.60481	265.0136393889484
118	12	की	0.70591	145.6171059305807
118	13	नई	0.39323	381.05321237998214
118	14	पेशकश	0.69007	470.40202624659287
118	15	है	0.90142	167.9256588958715
118	16	।	0.21118	335.35839818896784
120	1	वह	0.10484	51.0
120	2	मोटरसाइकिल	0.88503	174.30855296529043
120	3	जिसको	0.05763	51.00000000000003
120	4	पिछले	0.50690	51.0
120	5	हफते	0.20993	537.5364587679538
120	6	खरीदा	0.02273	145.6171059305808
120	7	था	0.38370	123.30855296529046
120	8	उस	1.08342	151.0
120	9	लड़के	0.61625	401.7478627738167
120	10	ने	0.31225	123.30855296529035
120	11	बजाज	0.66105	304.4160720489897
120	12	की	0.61328	145.6171059305807
120	13	नई	0.41856	446.6536354106529
120	14	पेशकश	0.69007	564.054121568623
120	15	है	0.90142	167.9256588958715
120	16	।	0.21118	364.05779597785295
122	1	वह	0.10484	51.0
122	2	बच्ची	0.88503	174.30855296529043
122	3	जिसने	0.05763	51.00000000000003
122	4	डिब्बी	0.58196	51.0
122	5	धीरे	0.46413	51.0
122	6	से	0.74627	123.30855296529046
122	7	चुपके-चुपके	1.01056	101.0
122	8	खोली	0.36491	961.5765850389539
122	9	थी	0.00424	123.30855296529035
122	10	बहुत	0.34313	197.78527964379396
122	11	शरारती	0.33564	215.1786852650116
122	12	है	0.51648	308.717143793644
122	13	।	0.02404	247.07922868292553
124	1	वह	0.10484	51.0
124	2	बच्ची	0.88503	174.30855296529043
124	3	जिसने	0.05763	51.00000000000003
124	4	धीरे	0.41509	51.0
124	5	से	0.75564	123.30855296529046
124	6	चुपके-चुपके	1.00088	101.0
124	7	खोली	0.30499	757.6804683661264
124	8	थी	0.00424	123.30855296529035
124	9	डिब्बी	0.59436	244.57055928758768
124	10	बहुत	0.59253	218.64204918486348
124	11	शरारती	0.34291	232.90857074504106
124	12	है	0.51648	340.5446924478106
124	13	।	0.02404	261.9275578847987
126	1	वह	0.10484	51.0
126	2	डिब्बी	0.88503	174.30855296529043
126	3	जिसको	0.05763	51.00000000000003
126	4	उस	0.08714	51.0
126	5	बच्ची	1.15604	196.6171059305808
126	6	ने	0.15816	123.30855296529046
126	7	धीरे	0.43673	101.0
126	8	से	0.79718	123.30855296529046
126	9	चुपके-चुपके	0.91495	101.0
126	10	खोला	0.35746	1007.8213469244461
126	11	था	0.00399	123.30855296529035
126	12	मेरी	0.93002	101.0
126	13	दादी	0.84945	51.0
126	14	की	0.13189	607.7946952800444
126	15	है	0.13944	145.6171059305807
126	16	।	0.46712	308.29410195323
128	1	वह	0.10484	51.0
128	2	डिब्बी	0.88503	174.30855296529043
128	3	जिसको	0.05763	51.00000000000003
128	4	धीरे	0.41509	51.0
128	5	से	0.75564	123.30855296529046
128	6	चुपके-चुपके	1.00088	101.0
128	7	खोला	0.30506	757.6804683661264
128	8	था	0.00399	123.30855296529035
128	9	उस	0.75305	101.0
128	10	बच्ची	0.61007	374.7967344714443
128	11	ने	0.31225	123.30855296529035
128	12	मेरी	1.70844	151.0
128	13	दादी	0.64129	51.0
128	14	की	0.13423	672.9468114172032
128	15	है	0.13944	145.6171059305807
128	16	।	0.46712	336.94829025041645
130	1	वह	0.10484	51.0
130	2	आदमी	0.89087	174.30855296529043
130	3	जिसने	0.05765	51.00000000000003
130	4	टाई	0.58196	51.0
130	5	बड़ी	0.52318	51.0
130	6	स्टाईल	2.44861	799.7877517456631
130	7	से	0.12386	123.30855296529035
130	8	पहनी	0.16962	513.4890444180542
130	9	हुई	0.00434	123.30855296529035
130	10	थी	0.02438	244.5705592875879
130	11	हमारे	0.84252	101.0
130	12	कालेज	0.87691	51.0
130	13	में	0.11021	145.6171059305807
130	14	काम	0.64815	101.0
130	15	करता	0.17348	987.7139688984312
130	16	है	0.13419	167.92565889587104
130	17	।	0.48284	343.2329420194724
132	1	वह	0.10484	51.0
132	2	आदमी	0.89087	174.30855296529043
132	3	जिसने	0.05765	51.00000000000003
132	4	बड़ी	0.51819	51.0
132	5	स्टाईल	1.79463	395.92912833426476
132	6	से	0.12386	123.30855296529046
132	7	पहनी	0.16962	491.9260141593554
132	8	हुई	0.00434	123.30855296529035
132	9	थी	0.02438	244.57055928758768
132	10	टाई	0.67168	353.9261475545902
132	11	हमारे	1.41542	101.0
132	12	कालेज	0.73839	51.0
132	13	में	0.11021	145.6171059305807
132	14	काम	0.64815	101.0
132	15	करता	0.17782	1015.0377509457962
132	16	है	0.13419	167.92565889587104
132	17	।	0.48284	355.759645232019
134	1	वह	0.10484	51.0
134	2	टाई	0.88503	174.30855296529043
134	3	जिसको	0.05763	51.00000000000003
134	4	उस	0.08714	51.0
134	5	आदमी	1.16663	196.6171059305808
134	6	ने	0.15734	123.30855296529046
134	7	बड़ी	0.49489	101.0
134	8	स्टाईल	2.48613	912.9640572457325
134	9	से	0.12386	145.61710593058092
134	10	पहना	0.16918	535.7826439769149
134	11	हुआ	0.00430	123.30855296529035
134	12	था	0.02479	244.5705592875879
134	13	आज	0.71669	421.5681967394539
134	14	कल	0.99211	617.0799600377927
134	15	फैशन	0.94968	878.7297869450535
134	16	में	0.26075	167.9256588958715
134	17	है	0.97857	253.4548281420266
134	18	।	0.19776	367.98977681886754
136	1	वह	0.10484	51.0
136	2	टाई	0.88503	174.30855296529043
136	3	जिसको	0.05763	51.00000000000003
136	4	बड़ी	0.51819	51.0
136	5	स्टाईल	1.79524	395.92912833426476
136	6	से	0.12386	123.30855296529046
136	7	पहना	0.16918	491.9260141593554
136	8	हुआ	0.00430	123.30855296529035
136	9	था	0.02479	244.57055928758768
136	10	उस	0.67154	101.0
136	11	आदमी	0.66184	514.7020481258562
136	12	ने	0.31090	145.6171059305807
136	13	आज	1.04594	648.0796698110244
136	14	कल	1.06054	827.9182852423337
136	15	फैशन	0.94968	1126.0282633345041
136	16	में	0.26075	167.9256588958715
136	17	है	0.97857	253.4548281420266
136	18	।	0.19776	405.92857168141927
138	1	वह	0.10484	51.0
138	2	औरत	0.88503	174.30855296529043
138	3	जिसने	0.05763	51.00000000000003
138	4	लाल	0.19439	51.0
138	5	गाड़ी	1.55161	174.30855296529046
138	6	पिछले	2.93956	337.7550883222742
138	7	महीने	1.13608	196.6171059305808
138	8	खरीदी	0.16528	423.34827454511765
138	9	थी	0.00428	123.30855296529035
138	10	मेरे	0.92910	101.0
138	11	बेटे	0.88598	51.0
138	12	की	0.10851	123.30855296529035
138	13	टीचर	0.66382	101.0
138	14	है	0.95293	145.6171059305807
138	15	।	0.33061	200.05665267703762
140	1	वह	0.10484	51.0
140	2	औरत	0.88503	174.30855296529043
140	3	जिसने	0.05763	51.00000000000003
140	4	पिछले	0.50690	51.0
140	5	महीने	1.79679	395.92912833426476
140	6	खरीदी	0.16528	406.3016002352248
140	7	थी	0.00428	123.30855296529035
140	8	लाल	0.25862	244.57055928758768
140	9	गाड़ी	0.65927	353.92614755459044
140	10	मेरे	1.64334	101.0
140	11	बेटे	0.74639	51.0
140	12	की	0.10851	123.30855296529057
140	13	टीचर	0.66382	101.0
140	14	है	0.95293	145.6171059305807
140	15	।	0.33061	200.05665267703762
142	1	वह	0.03664	51.0
142	2	लाल	0.22762	51.0
142	3	गाड़ी	1.66648	174.30855296529046
142	4	जिसको	0.36439	51.0
142	5	उस	0.07697	51.0
142	6	औरत	1.08522	174.30855296529046
142	7	ने	0.15816	123.30855296529046
142	8	पिछले	0.48400	101.0
142	9	महीने	3.49380	1442.9892177285324
142	10	खरीदा	0.04106	123.30855296529035
142	11	था	0.30964	123.30855296529035
142	12	लोगो	1.05497	387.87022027497414
142	13	में	0.36364	145.6171059305807
142	14	काफी	0.55460	296.32032398179854
142	15	लोकप्रिय	0.42295	365.3793204471772
142	16	है	0.40091	396.3983833645252
142	17	।	0.05029	288.5618125372107
144	1	वह	0.10484	51.0
144	2	लाल	1.25690	174.30855296529043
144	3	गाड़ी	1.88265	224.30855296529043
144	4	जिसको	0.68531	123.3085529652904
144	5	पिछले	0.53506	197.78527964379384
144	6	महीने	0.50852	215.17868526501138
144	7	खरीदा	0.30024	229.8585718968219
144	8	था	0.23601	123.30855296529035
144	9	उस	1.88734	402.5230623686184
144	10	औरत	0.52024	384.1771838654545
144	11	ने	0.31349	123.30855296529035
144	12	लोगो	0.91920	614.880347335547
144	13	में	0.23579	145.6171059305807
144	14	काफी	0.64654	363.64725491287436
144	15	लोकप्रिय	0.30551	494.5973380929863
144	16	है	0.52894	521.6275476941319
144	17	।	0.08474	349.5733487350326
146	1	वह	0.10484	51.0
146	2	डाक्टर	0.88503	174.30855296529043
146	3	जिसने	0.05763	51.00000000000003
146	4	दवाईयां	0.58196	51.0
146	5	कल	0.60546	51.0
146	6	शाम	0.68016	51.0
146	7	फेकीं	0.34061	910.8207512500302
146	8	थीं	0.00432	123.30855296529035
146	9	बहुत	0.33793	197.78527964379373
146	10	होशियार	0.33202	215.17868526501138
146	11	है	0.51666	308.7171437936438
146	12	।	0.02584	247.07922868292553
148	1	वह	0.10484	51.0
148	2	डाक्टर	0.88503	174.30855296529043
148	3	जिसने	0.05763	51.00000000000003
148	4	कल	0.52839	51.0
148	5	शाम	0.67365	51.0
148	6	फेकीं	0.28046	717.5967190957491
148	7	थीं	0.00432	123.30855296529035
148	8	दवाईयां	0.58460	338.14111857517537
148	9	बहुत	0.58723	225.08463517553196
148	10	होशियार	0.33929	238.66395369032534
148	11	है	0.51666	351.1391014086671
148	12	।	0.02584	266.93284056757193
150	1	वह	0.10484	51.0
150	2	दवाईयां	0.88503	174.30855296529043
150	3	जिनको	0.05763	51.00000000000003
150	4	उस	0.08714	51.0
150	5	डाक्टर	1.15604	196.6171059305808
150	6	ने	0.15816	123.30855296529046
150	7	कल	0.57673	101.0
150	8	शाम	0.60904	51.0
150	9	फेका	0.33331	962.9599736336658
150	10	था	0.00403	123.30855296529035
150	11	खराब	0.25325	197.78527964379396
150	12	हो	0.10471	279.35737053002276
150	13	गईं	0.19881	145.6171059305807
150	14	थीं	0.21346	298.1699580311133
150	15	।	0.51307	308.99746398284924
152	1	वह	0.10484	51.0
152	2	दवाईयां	0.88503	174.30855296529043
152	3	जिनको	0.05763	51.00000000000003
152	4	कल	0.52839	51.0
152	5	शाम	0.67365	51.0
152	6	फेका	0.28046	717.5967190957491
152	7	था	0.00403	123.30855296529035
152	8	उस	0.76705	101.0
152	9	डाक्टर	0.60176	560.8380650761621
152	10	ने	0.31225	123.30855296529035
152	11	खराब	0.59070	302.67814287344936
152	12	हो	0.11963	377.3108050196224
152	13	गईं	0.19881	145.6171059305807
152	14	थीं	0.21346	298.1699580311133
152	15	।	0.51307	346.9607800477229
154	1	वह	0.10484	51.0
154	2	इंजीनियर	0.88503	174.30855296529043
154	3	जिसने	0.05763	51.00000000000003
154	4	वह	0.10271	51.0
154	5	बिल्डिंग	1.23752	196.6171059305808
154	6	बहुत	0.33150	51.0
154	7	धीरे-धीरे	1.16845	51.0
154	8	बनायी	0.35418	932.5571684265944
154	9	थी	0.00417	123.30855296529035
154	10	मरे	0.02642	244.57055928758768
154	11	दोस्त	0.99303	353.9261475545902
154	12	की	0.45204	123.30855296529035
154	13	कंपनी	0.74477	595.3671985090732
154	14	में	0.23554	145.6171059305807
154	15	काम	0.93378	851.9812680441555
154	16	करता	0.25001	623.2214465897728
154	17	है	0.13419	145.6171059305807
154	18	।	0.48259	382.0178290351205
156	1	वह	0.10484	51.0
156	2	इंजीनियर	0.88503	174.30855296529043
156	3	जिसने	0.05763	51.00000000000003
156	4	बहुत	0.33867	51.0
156	5	धीरे-धीरे	1.15755	51.0
156	6	बनायी	0.29902	717.5967190957491
156	7	थी	0.00417	123.30855296529035
156	8	वह	0.87408	101.0
156	9	बिल्डिंग	0.58619	374.7967344714443
156	10	मरे	0.24425	316.3095666054676
156	11	दोस्त	1.03429	449.7741841611182
156	12	की	0.45204	123.30855296529035
156	13	कंपनी	0.74477	706.9431211897263
156	14	में	0.23554	145.6171059305807
156	15	काम	0.93378	980.7140755312294
156	16	करता	0.25001	699.2726045455311
156	17	है	0.13419	145.6171059305807
156	18	।	0.48259	406.262972409907
158	1	हमारी	0.04827	51.0
158	2	बिल्डिंग	0.71962	51.0
158	3	जिसको	0.13680	51.0
158	4	उस	0.08714	51.0
158	5	इंजीनियर	1.15604	196.6171059305808
158	6	ने	0.15816	123.30855296529046
158	7	बहुत	0.34020	101.0
158	8	धीरे-धीरे	1.05818	51.0
158	9	बनाया	0.39232	1186.4634272879441
158	10	था	0.00392	123.30855296529035
158	11	बहुत	0.91727	197.78527964379373
158	12	सुनसान	0.64511	343.5360557950339
158	13	इलाके	0.90835	496.7448689261455
158	14	में	0.26075	145.6171059305807
158	15	है	0.97857	249.11330535407524
158	16	।	0.19750	330.0673672979701
160	1	हमारी	0.04827	51.0
160	2	बिल्डिंग	0.71962	51.0
160	3	जिसको	0.13680	51.0
160	4	बहुत	0.33867	51.0
160	5	धीरे-धीरे	1.15755	51.0
160	6	बनाया	0.33958	910.8207512500303
160	7	था	0.00392	123.30855296529035
160	8	उस	0.76284	101.0
160	9	इंजीनियर	0.60370	374.7967344714443
160	10	ने	0.31225	123.30855296529035
160	11	बहुत	1.30657	293.3201173025941
160	12	सुनसान	0.65810	464.1716415406813
160	13	इलाके	0.90835	647.8202316321967
160	14	में	0.26075	145.6171059305807
160	15	है	0.97857	249.11330535407524
160	16	।	0.19750	362.51871577800466
162	1	वह	0.10484	51.0
162	2	लड़की	0.88503	174.30855296529043
162	3	जिसने	0.05763	51.00000000000003
162	4	सारी	0.15525	51.0
162	5	फाइलें	1.75840	395.92912833426476
162	6	पिछले	0.49589	51.0
162	7	हफते	0.21396	565.3971896475597
162	8	शाम	0.59678	167.92565889587127
162	9	के	0.39596	123.30855296529035
162	10	समय	0.65977	244.57055928758768
162	11	उठायीं	0.14537	364.7317713203561
162	12	थीं	0.21918	123.30855296529035
162	13	बहुत	0.84367	308.07217306684424
162	14	अच्छा	0.23155	387.49767019929277
162	15	गाना	0.69885	684.1280087956211
162	16	गाती	0.23752	619.9988838884119
162	17	है	0.15596	145.6171059305807
162	18	।	0.42392	380.9972002027798
164	1	वह	0.10484	51.0
164	2	लड़की	0.88503	174.30855296529043
164	3	जिसने	0.05763	51.00000000000003
164	4	पिछले	0.50690	51.0
164	5	हफते	0.20993	537.5364587679538
164	6	शाम	0.59678	145.6171059305808
164	7	के	0.39596	123.30855296529046
164	8	समय	0.65977	244.57055928758768
164	9	उठायीं	0.14537	362.0506808976336
164	10	थीं	0.21918	123.30855296529035
164	11	सारी	1.33839	306.9273084375418
164	12	फाइलें	0.66075	502.49656589190727
164	13	बहुत	0.66217	287.4963530271125
164	14	अच्छा	0.23940	443.8256826448246
164	15	गाना	0.69885	793.0926899659421
164	16	गाती	0.23752	700.1466841934789
164	17	है	0.15596	145.6171059305807
164	18	।	0.42392	406.5431795563418
166	1	वह	0.10484	51.0
166	2	फाइलें	0.88503	174.30855296529043
166	3	जिनको	0.05763	51.00000000000003
166	4	उस	0.08714	51.0
166	5	लड़की	1.15604	196.6171059305808
166	6	ने	0.15816	123.30855296529046
166	7	पिछले	0.48400	101.0
166	8	हफते	0.25869	779.8074791568455
166	9	शाम	0.59678	167.92565889587127
166	10	के	0.39596	145.61710593058092
166	11	समय	0.65977	298.1699580311131
166	12	उठाया	0.14537	373.54278511346774
166	13	था	0.21276	123.30855296529035
166	14	दो	1.08436	311.8655058845902
166	15	साल	0.67869	638.3850797978894
166	16	से	0.26849	190.23421186116184
166	17	एक	0.89666	507.07393704304695
166	18	जगह	0.68524	985.8736808552685
166	19	पर	0.33077	212.54276482645218
166	20	सड़	0.24879	801.4718758908348
166	21	रहीं	0.21243	145.6171059305807
166	22	थीं	0.23555	298.1699580311133
166	23	।	0.46225	429.50494251358396
168	1	वह	0.10484	51.0
168	2	फाइलें	0.88503	174.30855296529043
168	3	जिनको	0.05763	51.00000000000003
168	4	पिछले	0.50690	51.0
168	5	हफते	0.20993	537.5364587679538
168	6	शाम	0.59678	145.6171059305808
168	7	के	0.39596	123.30855296529046
168	8	समय	0.65977	244.57055928758768
168	9	उठाया	0.14537	362.0506808976336
168	10	था	0.21276	123.30855296529035
168	11	उस	1.44894	151.0
168	12	लड़की	0.61625	615.642206232425
168	13	ने	0.31225	167.92565889587104
168	14	दो	0.89464	343.6196197412901
168	15	साल	0.69327	760.3350357399445
168	16	से	0.26849	190.23421186116184
168	17	एक	0.89666	564.1495250198395
168	18	जगह	0.68524	1125.5075923384766
168	19	पर	0.33077	212.54276482645218
168	20	सड़	0.24879	882.0169535880941
168	21	रहीं	0.21243	145.6171059305807
168	22	थीं	0.23555	298.1699580311133
168	23	।	0.46225	454.9076862694501
170	1	वह	0.10484	51.0
170	2	हलवाई	0.88503	174.30855296529043
170	3	जिसने	0.05763	51.00000000000003
170	4	कढाई	0.51819	51.0
170	5	बड़ी	2.32016	395.92912833426476
170	6	सावधानी	1.13280	196.6171059305808
170	7	से	0.12386	123.30855296529035
170	8	पकड़ी	0.16901	501.80761474223004
170	9	थी	0.00474	123.30855296529035
170	10	इस	0.83662	101.0
170	11	मोहल्ले	0.62413	466.22435038599156
170	12	में	0.23444	145.6171059305807
170	13	एक	0.97236	299.14719445957144
170	14	नई	0.40223	480.5103125057067
170	15	दुकान	0.75511	668.7345016037216
170	16	खोल	0.23684	456.1475192970247
170	17	रहा	0.21939	145.6171059305807
170	18	है	0.17978	298.1699580311133
170	19	।	0.42509	381.411933944114
172	1	वह	0.10484	51.0
172	2	हलवाई	0.88503	174.30855296529043
172	3	जिसने	0.05763	51.00000000000003
172	4	बड़ी	0.51819	51.0
172	5	सावधानी	1.79524	395.92912833426476
172	6	से	0.12386	123.30855296529046
172	7	पकड़ी	0.16901	491.9260141593554
172	8	थी	0.00474	123.30855296529035
172	9	कढाई	0.02690	244.57055928758768
172	10	इस	1.32387	101.0
172	11	मोहल्ले	0.61210	514.7020481258562
172	12	में	0.23444	145.6171059305807
172	13	एक	0.97236	312.7699174527561
172	14	नई	0.40223	396.4114344610912
172	15	दुकान	0.75511	701.2723838415855
172	16	खोल	0.23684	632.5741350914841
172	17	रहा	0.21939	145.6171059305807
172	18	है	0.17978	298.1699580311133
172	19	।	0.42509	392.72770947933986
174	1	वह	0.03664	51.0
174	2	कढाई	0.09547	224.30855296529046
174	3	जिसको	0.91186	145.6171059305808
174	4	उस	0.98728	101.0
174	5	हलवाई	0.63322	288.39836723572216
174	6	ने	0.31225	123.30855296529046
174	7	बड़ी	0.58755	289.86843445043166
174	8	सावधानी	0.66936	353.3689549920616
174	9	से	0.27463	145.61710593058092
174	10	पकड़ा	0.24341	450.7634894822229
174	11	था	0.21243	123.30855296529035
174	12	असली	0.76889	492.18652110676567
174	13	पीतल	0.65370	630.1777734107172
174	14	से	0.27463	167.92565889587104
174	15	बनी	0.24272	752.448550586103
174	16	है	0.13868	145.6171059305807
174	17	।	0.47198	407.28124575458423
176	1	वह	0.03664	51.0
176	2	कढाई	0.09547	224.30855296529046
176	3	जिसको	0.91186	145.6171059305808
176	4	बड़ी	0.40838	200.05665267703773
176	5	सावधानी	0.65840	217.02091398756863
176	6	से	0.27463	123.30855296529046
176	7	पकड़ा	0.24341	381.75065273198913
176	8	था	0.21243	123.30855296529035
176	9	उस	1.47843	151.0
176	10	हलवाई	0.59838	491.6872451935185
176	11	ने	0.31225	145.6171059305807
176	12	असली	0.59532	489.36563222438326
176	13	पीतल	0.66925	626.063341230134
176	14	से	0.27463	167.9256588958715
176	15	बनी	0.24272	748.5472546755209
176	16	है	0.13868	145.6171059305807
176	17	।	0.47198	406.0304677580207
178	1	वह	0.10484	51.0
178	2	कुली	1.59237	224.30855296529046
178	3	जिसने	0.72469	123.30855296529046
178	4	बड़ी	0.53877	197.78527964379384
178	5	अटैची	0.53633	215.17868526501138
178	6	एक	0.79291	229.8585718968219
178	7	झटके	0.53395	334.9749473234192
178	8	में	0.24006	123.30855296529035
178	9	उठा	0.30718	316.85189081311273
178	10	ली	0.23955	123.30855296529035
178	11	थी	0.24132	244.5705592875879
178	12	रात	1.22204	626.3598795668449
178	13	में	0.27939	145.6171059305807
178	14	टैक्सी	0.81333	865.9704206091938
178	15	चलाता	0.30523	528.3542616203504
178	16	है	0.15670	167.9256588958715
178	17	।	0.48720	408.0783842363171
180	1	वह	0.10484	51.0
180	2	कुली	1.59237	224.30855296529046
180	3	जिसने	0.72469	123.30855296529046
180	4	एक	0.74469	197.78527964379384
180	5	झटके	0.53198	215.17868526501138
180	6	में	0.24006	123.30855296529046
180	7	उठा	0.30718	289.9374230431097
180	8	ली	0.23955	123.30855296529035
180	9	थी	0.24132	244.57055928758768
180	10	बड़ी	0.82859	320.7038577220569
180	11	अटैची	0.53051	411.54261564685
180	12	रात	0.89038	585.6021184723272
180	13	में	0.26073	145.6171059305807
180	14	टैक्सी	0.86229	877.5784535303419
180	15	चलाता	0.30523	534.0698653003064
180	16	है	0.15670	167.9256588958715
180	17	।	0.48720	410.81849854122356
182	1	वह	0.03664	51.0
182	2	बड़ी	0.59731	51.0
182	3	अटैची	1.80058	372.1980044095982
182	4	जिसको	0.86563	51.0
182	5	उस	0.08714	51.0
182	6	कुली	1.15677	196.6171059305808
182	7	ने	0.15823	123.30855296529046
182	8	एक	0.30892	101.0
182	9	झटके	1.26090	218.92565889587138
182	10	में	0.11224	145.61710593058092
182	11	उठा	0.19739	828.0068749927814
182	12	लिया	0.31303	123.30855296529035
182	13	था	0.30350	244.5705592875879
182	14	ट्रेन	1.12962	791.6392921587617
182	15	में	0.36874	167.92565889587104
182	16	गुम	0.58920	554.0841984634208
182	17	हो	0.11212	530.9268360815931
182	18	गयी	0.26652	167.9256588958715
182	19	।	0.42380	409.31130930715335
184	1	वह	0.03664	51.0
184	2	बड़ी	0.59731	51.0
184	3	अटैची	1.80058	372.1980044095982
184	4	जिसको	0.86563	51.0
184	5	एक	0.30113	51.0
184	6	झटके	1.18441	196.6171059305808
184	7	में	0.11699	123.30855296529046
184	8	उठा	0.13971	568.5958665535985
184	9	लिया	0.31303	123.30855296529035
184	10	था	0.30350	244.57055928758768
184	11	उस	1.71111	151.0
184	12	कुली	0.60362	658.5269939829286
184	13	ने	0.41172	145.6171059305807
184	14	ट्रेन	0.91249	821.3183910229154
184	15	में	0.31580	167.9256588958715
184	16	गुम	0.65580	568.167469281565
184	17	हो	0.11212	544.7481596736961
184	18	गयी	0.26652	167.9256588958715
184	19	।	0.42380	415.94598588230565
186	1	वह	0.10484	51.0
186	2	अध्यापक	0.88503	174.30855296529043
186	3	जिसने	0.05763	51.00000000000003
186	4	किताबें	0.58196	51.0
186	5	पिछले	0.51162	51.0
186	6	साल	2.42184	799.7877517456631
186	7	गर्मियों	0.65691	51.0
186	8	में	0.10869	123.30855296529035
186	9	बेचीं	0.22958	687.6727967141887
186	10	थीं	0.00482	123.30855296529035
186	11	बरेली	0.35241	197.78527964379373
186	12	का	0.66941	145.6171059305807
186	13	रहनेवाला	0.11273	356.2776516929043
186	14	है	0.35291	167.9256588958715
186	15	।	0.46181	306.5608938345672
188	1	वह	0.10484	51.0
188	2	अध्यापक	0.88503	174.30855296529043
188	3	जिसने	0.05763	51.00000000000003
188	4	पिछले	0.50690	51.0
188	5	साल	1.78831	395.92912833426476
188	6	गर्मियों	0.65691	51.0
188	7	में	0.10869	123.30855296529046
188	8	बेचीं	0.22958	667.9971457543259
188	9	थीं	0.00482	123.30855296529035
188	10	किताबें	0.67174	338.14111857517537
188	11	बरेली	0.62692	225.08463517553196
188	12	का	0.62937	145.6171059305807
188	13	रहनेवाला	0.11940	396.896425828445
188	14	है	0.35291	167.92565889587104
188	15	।	0.46181	323.90458176841184
190	1	वह	0.10484	51.0
190	2	किताबें	0.88503	174.30855296529043
190	3	जिनको	0.05763	51.00000000000003
190	4	उस	0.08714	51.0
190	5	अध्यापक	1.15604	196.6171059305808
190	6	ने	0.15816	123.30855296529046
190	7	पिछले	0.48400	101.0
190	8	साल	2.45708	912.9640572457325
190	9	गर्मियों	0.65691	51.0
190	10	में	0.10869	145.61710593058092
190	11	बेचा	0.22958	710.6112014432181
190	12	था	0.00449	123.30855296529035
190	13	पुरानी	0.29899	244.5705592875879
190	14	हो	0.10316	286.28409836972696
190	15	रहीं	0.18920	145.6171059305807
190	16	थीं	0.21164	298.1699580311133
190	17	।	0.51119	311.39741052634827
192	1	वह	0.10484	51.0
192	2	किताबें	0.88503	174.30855296529043
192	3	जिनको	0.05763	51.00000000000003
192	4	पिछले	0.50690	51.0
192	5	साल	1.78831	395.92912833426476
192	6	गर्मियों	0.65691	51.0
192	7	में	0.10869	123.30855296529046
192	8	बेचा	0.22958	667.9971457543259
192	9	था	0.00449	123.30855296529035
192	10	उस	0.66521	101.0
192	11	अध्यापक	0.67308	560.8380650761621
192	12	ने	0.31225	145.6171059305807
192	13	पुरानी	0.63672	406.48613110106544
192	14	हो	0.11817	387.93732333645175
192	15	रहीं	0.18920	145.6171059305807
192	16	थीं	0.21164	298.1699580311133
192	17	।	0.51119	351.4623686456439
