item	roi	word	surprisal	retrieval
2	1	वह	0.00070	51.0
2	2	लड़का	0.19402	174.30855296529043
2	3	जिसने	0.00976	51.00000000000003
2	4	किताब	1.09296	196.6171059305808
2	5	बहुत	0.05088	51.0
2	6	दिलचस्पी	0.56120	218.92565889587127
2	7	से	0.01575	123.30855296529046
2	8	पढ़ी	1.30563	682.1097982404541
2	9	थी	0.00269	123.30855296529035
2	10	मेरा	0.21025	244.57055928758768
2	11	दोस्त	0.18639	421.5681967394539
2	12	है	0.47937	145.6171059305807
2	13	।	0.49777	303.9470971053752
4	1	वह	0.00070	51.0
4	2	लड़का	0.19402	174.30855296529043
4	3	जिसने	0.00976	51.00000000000003
4	4	बहुत	0.08190	51.0
4	5	दिलचस्पी	0.86012	196.6171059305808
4	6	से	0.01525	123.30855296529046
4	7	पढ़ी	1.36873	669.5958665535985
4	8	थी	0.00269	123.30855296529035
4	9	किताब	0.14262	291.3558389313814
4	10	मेरा	0.48022	292.8730417452109
4	11	दोस्त	0.18894	506.300951046165
4	12	है	0.47937	145.6171059305807
4	13	।	0.49777	322.4060358981251
6	1	वह	0.00070	51.0
6	2	किताब	0.19412	174.30855296529043
6	3	जिसको	0.00976	51.00000000000003
6	4	उस	0.02457	51.0
6	5	लड़के	0.64512	196.6171059305808
6	6	ने	0.01598	123.30855296529046
6	7	बहुत	0.03628	101.0
6	8	दिलचस्पी	0.46692	218.92565889587127
6	9	से	0.01575	145.6171059305808
6	10	पढ़ा	1.60908	929.0068749927816
6	11	था	0.00266	123.30855296529035
6	12	बहुत	0.11195	197.78527964379373
6	13	मोटी	0.18821	215.17868526501115
6	14	है	0.60787	308.717143793644
6	15	।	0.09693	247.07922868292553
8	1	वह	0.00070	51.0
8	2	किताब	0.19412	174.30855296529043
8	3	जिसको	0.00976	51.00000000000003
8	4	बहुत	0.08197	51.0
8	5	दिलचस्पी	0.86067	196.6171059305808
8	6	से	0.01525	123.30855296529046
8	7	पढ़ा	1.36740	669.5958665535985
8	8	था	0.00266	123.30855296529035
8	9	उस	0.22292	244.57055928758768
8	10	लड़के	0.17289	353.92614755459044
8	11	ने	0.17282	145.6171059305807
8	12	बहुत	0.57032	300.6896972323166
8	13	मोटी	0.23681	262.2849151185146
8	14	है	0.60787	395.48949380375825
8	15	।	0.09693	288.1242851889965
10	1	वह	0.00070	51.0
10	2	बच्चा	0.19371	174.30855296529043
10	3	जिसने	0.00977	51.00000000000003
10	4	रोटी	1.09351	196.6171059305808
10	5	बहुत	0.05088	51.0
10	6	जल्दी	0.93327	51.0
10	7	से	0.70335	51.0
10	8	खायी	1.28809	920.6942901181019
10	9	थी	0.00387	123.30855296529035
10	10	मेरा	0.23115	244.57055928758768
10	11	भतीजा	0.24188	353.92614755459044
10	12	है	0.47939	145.6171059305807
10	13	।	0.52911	300.6896972323166
12	1	वह	0.00070	51.0
12	2	बच्चा	0.19371	174.30855296529043
12	3	जिसने	0.00977	51.00000000000003
12	4	बहुत	0.08190	51.0
12	5	जल्दी	0.68629	51.0
12	6	से	0.70335	51.0
12	7	खायी	1.32244	910.8207512500302
12	8	थी	0.00387	123.30855296529035
12	9	रोटी	0.19797	244.57055928758768
12	10	मेरा	0.50113	286.28409836972696
12	11	भतीजा	0.24444	408.5300900221798
12	12	है	0.47939	145.6171059305807
12	13	।	0.52911	316.1716619159506
14	1	वह	0.00070	51.0
14	2	रोटी	0.19421	174.30855296529043
14	3	जिसको	0.00976	51.00000000000003
14	4	उस	0.02457	51.0
14	5	बच्चे	0.64833	196.6171059305808
14	6	ने	0.01597	123.30855296529046
14	7	बहुत	0.03639	101.0
14	8	जल्दी	0.55739	51.0
14	9	से	0.70335	51.0
14	10	खाया	1.47676	1161.7183570016923
14	11	था	0.00383	123.30855296529035
14	12	दो	0.20119	197.78527964379373
14	13	दिन	0.22968	343.5360557950344
14	14	पुरानी	0.58552	237.43621723153638
14	15	है	0.46644	348.87051597081154
14	16	।	0.12835	265.8588540677306
16	1	वह	0.00070	51.0
16	2	रोटी	0.19421	174.30855296529043
16	3	जिसको	0.00976	51.00000000000003
16	4	बहुत	0.08197	51.0
16	5	जल्दी	0.68629	51.0
16	6	से	0.70335	51.0
16	7	खाया	1.32237	910.8207512500302
16	8	था	0.00383	123.30855296529035
16	9	उस	0.23851	244.57055928758768
16	10	बच्चे	0.22800	286.28409836972696
16	11	ने	0.17273	123.30855296529057
16	12	दो	0.60213	296.1854709795084
16	13	दिन	0.27529	472.19083648435617
16	14	पुरानी	0.58552	277.76900469345037
16	15	है	0.46644	425.0870242728661
16	16	।	0.12835	302.4233674823099
18	1	वह	0.00070	51.0
18	2	आदमी	0.19437	174.30855296529043
18	3	जिसने	0.00979	51.00000000000003
18	4	सब्जीयाँ	1.09404	196.6171059305808
18	5	धीरे-धीरे	0.10679	51.0
18	6	चुनी	1.01248	551.0316642945904
18	7	थीं	0.00418	123.30855296529035
18	8	मेरे	0.24219	244.57055928758768
18	9	मुहल्ले	0.25205	353.92614755459044
18	10	में	0.15798	123.30855296529035
18	11	रहता	0.70388	398.1835992545366
18	12	है	0.06909	145.6171059305807
18	13	।	0.67616	323.58423454793046
20	1	वह	0.00070	51.0
20	2	आदमी	0.19437	174.30855296529043
20	3	जिसने	0.00979	51.00000000000003
20	4	धीरे-धीरे	0.16419	51.0
20	5	चुनी	1.05932	537.5364587679538
20	6	थीं	0.00418	123.30855296529046
20	7	सब्जीयाँ	0.20829	244.5705592875878
20	8	मेरे	0.51189	286.28409836972696
20	9	मुहल्ले	0.25461	408.5300900221798
20	10	में	0.15798	123.30855296529035
20	11	रहता	0.70388	429.44534513055487
20	12	है	0.06909	145.6171059305807
20	13	।	0.67616	337.5958672399788
22	1	वह	0.00070	51.0
22	2	सब्जीयाँ	0.19416	174.30855296529043
22	3	जिनको	0.00977	51.00000000000003
22	4	उस	0.02458	51.0
22	5	आदमी	0.64441	196.6171059305808
22	6	ने	0.01598	123.30855296529046
22	7	धीरे-धीरे	0.07667	101.0
22	8	चुना	1.22575	779.8074791568455
22	9	था	0.00405	123.30855296529035
22	10	बहुत	0.15655	197.78527964379396
22	11	महंगी	0.23501	215.1786852650116
22	12	हैं	0.54218	308.717143793644
22	13	।	0.13882	247.07922868292553
24	1	वह	0.00070	51.0
24	2	सब्जीयाँ	0.19416	174.30855296529043
24	3	जिनको	0.00977	51.00000000000003
24	4	धीरे-धीरे	0.16437	51.0
24	5	चुना	1.05553	537.5364587679538
24	6	था	0.00405	123.30855296529046
24	7	उस	0.24958	244.5705592875878
24	8	आदमी	0.23858	286.28409836972696
24	9	ने	0.17264	123.30855296529035
24	10	बहुत	0.61535	296.1854709795084
24	11	महंगी	0.28360	258.06361216145183
24	12	हैं	0.54218	387.4814603019704
24	13	।	0.13882	284.2742180389123
26	1	वह	0.00070	51.0
26	2	बच्ची	0.19422	174.30855296529043
26	3	जिसने	0.00976	51.00000000000003
26	4	मिठाई	0.08797	51.0
26	5	आराम	0.90671	196.6171059305808
26	6	से	0.01589	123.30855296529046
26	7	खायी	1.35894	669.5958665535985
26	8	थी	0.00268	123.30855296529035
26	9	मेरी	0.21036	244.57055928758768
26	10	बहन	0.18636	353.92614755459044
26	11	है	0.47904	145.6171059305807
26	12	।	0.49805	300.6896972323166
28	1	वह	0.00070	51.0
28	2	बच्ची	0.19422	174.30855296529043
28	3	जिसने	0.00976	51.00000000000003
28	4	आराम	1.09377	196.6171059305808
28	5	से	0.01579	123.30855296529046
28	6	खायी	1.10644	477.54969187468475
28	7	थी	0.00268	123.30855296529035
28	8	मिठाई	0.14257	291.3558389313814
28	9	मेरी	0.48026	292.8730417452109
28	10	बहन	0.18892	506.3009510461645
28	11	है	0.47904	145.6171059305807
28	12	।	0.49805	322.4060358981251
30	1	वह	0.00070	51.0
30	2	मिठाई	0.19432	174.30855296529043
30	3	जिसको	0.00976	51.00000000000003
30	4	उस	0.02457	51.0
30	5	बच्ची	0.64492	196.6171059305808
30	6	ने	0.01597	123.30855296529046
30	7	आराम	0.67732	101.0
30	8	से	0.01701	145.6171059305808
30	9	खाया	1.61710	895.6554648046501
30	10	था	0.00266	123.30855296529035
30	11	बहुत	0.11202	197.78527964379396
30	12	मीठी	0.18837	215.17868526501115
30	13	होती	0.22217	308.717143793644
30	14	है	0.09077	145.6171059305807
30	15	।	0.51932	306.54668076626695
32	1	वह	0.00070	51.0
32	2	मिठाई	0.19432	174.30855296529043
32	3	जिसको	0.00976	51.00000000000003
32	4	आराम	1.09325	196.6171059305808
32	5	से	0.01579	123.30855296529046
32	6	खाया	1.10615	477.54969187468475
32	7	था	0.00266	123.30855296529035
32	8	उस	0.22304	244.57055928758768
32	9	बच्ची	0.17300	353.92614755459044
32	10	ने	0.17269	145.61710593058092
32	11	बहुत	0.57070	300.6896972323168
32	12	मीठी	0.23696	262.2849151185146
32	13	होती	0.22217	395.48949380375825
32	14	है	0.09077	145.6171059305807
32	15	।	0.51932	344.9164800329122
34	1	वह	0.00070	51.0
34	2	औरत	0.19432	174.30855296529043
34	3	जिसने	0.00975	51.00000000000003
34	4	नाव	1.09379	196.6171059305808
34	5	पिछले	0.04541	51.0
34	6	हफ्ते	0.62191	218.92565889587127
34	7	खरीदी	1.30119	583.6876736463319
34	8	थी	0.00554	123.30855296529035
34	9	इस	0.32624	244.57055928758768
34	10	गाँव	0.30736	421.5681967394537
34	11	की	0.14760	123.30855296529035
34	12	सरपंच	0.77966	710.4215352214715
34	13	है	0.34786	145.6171059305807
34	14	।	0.72590	337.8717073576563
36	1	वह	0.00070	51.0
36	2	औरत	0.19432	174.30855296529043
36	3	जिसने	0.00975	51.00000000000003
36	4	पिछले	0.09418	51.0
36	5	हफ्ते	0.95047	196.6171059305808
36	6	खरीदी	1.36425	569.3836828871933
36	7	थी	0.00554	123.30855296529035
36	8	नाव	0.27343	291.35583893138164
36	9	इस	0.59706	292.8730417452109
36	10	गाँव	0.30949	506.3009510461645
36	11	की	0.14760	123.30855296529035
36	12	सरपंच	0.77966	803.5307621186103
36	13	है	0.34786	145.6171059305807
36	14	।	0.72590	355.21987411593136
38	1	वह	0.00070	51.0
38	2	नाव	0.19450	174.30855296529043
38	3	जिसको	0.00978	51.00000000000003
38	4	उस	0.02457	51.0
38	5	औरत	0.64455	196.6171059305808
38	6	ने	0.01598	123.30855296529046
38	7	पिछले	0.03214	101.0
38	8	हफ्ते	0.48708	218.92565889587127
38	9	खरीदा	1.60419	818.3488258654837
38	10	था	0.00549	123.30855296529035
38	11	बहुत	0.20176	197.78527964379373
38	12	प्रसिद्ध	0.28327	279.35737053002276
38	13	है	0.61513	316.4683897963814
38	14	।	0.17080	250.6650868851657
40	1	वह	0.00070	51.0
40	2	नाव	0.19450	174.30855296529043
40	3	जिसको	0.00978	51.00000000000003
40	4	पिछले	0.09426	51.0
40	5	हफ्ते	0.95108	196.6171059305808
40	6	खरीदा	1.36252	569.3836828871933
40	7	था	0.00549	123.30855296529035
40	8	उस	0.28135	244.57055928758768
40	9	औरत	0.30370	353.92614755459044
40	10	ने	0.17273	123.30855296529035
40	11	बहुत	0.66034	299.59179962726853
40	12	प्रसिद्ध	0.33188	371.5078318445426
40	13	है	0.61513	402.24647657271134
40	14	।	0.17080	291.37957783168713
42	1	वह	0.00070	51.0
42	2	लड़की	0.19412	174.30855296529043
42	3	जिसने	0.00976	51.00000000000003
42	4	कविता	1.09370	196.6171059305808
42	5	सारे	0.05217	51.0
42	6	लोगो	0.55578	218.92565889587127
42	7	के	0.01077	123.30855296529046
42	8	सामने	0.17877	197.78527964379384
42	9	गायी	1.31265	722.150665217393
42	10	थी	0.00403	123.30855296529035
42	11	बहुत	0.15505	197.78527964379396
42	12	गरीब	0.23389	215.17868526501115
42	13	है	0.61197	308.717143793644
42	14	।	0.13219	247.07922868292553
44	1	वह	0.00070	51.0
44	2	लड़की	0.19412	174.30855296529043
44	3	जिसने	0.00976	51.00000000000003
44	4	सारे	0.08376	51.0
44	5	लोगो	0.85090	196.6171059305808
44	6	के	0.01042	123.30855296529046
44	7	सामने	0.17576	197.78527964379384
44	8	गायी	1.37606	710.9635999683162
44	9	थी	0.00403	123.30855296529035
44	10	कविता	0.20557	291.3558389313814
44	11	बहुत	0.45944	221.93652087260534
44	12	गरीब	0.23590	235.83929199468594
44	13	है	0.61197	345.92652840714845
44	14	।	0.13219	264.46687068192387
46	1	वह	0.00070	51.0
46	2	कविता	0.19439	174.30855296529043
46	3	जिसको	0.00978	51.00000000000003
46	4	उस	0.02457	51.0
46	5	लड़की	0.64537	196.6171059305808
46	6	ने	0.01598	123.30855296529046
46	7	सारे	0.03715	101.0
46	8	लोगो	0.46504	218.92565889587127
46	9	के	0.01077	145.6171059305808
46	10	सामने	0.17877	200.05665267703785
46	11	गाया	1.61646	975.657032594399
46	12	था	0.00399	123.30855296529035
46	13	काफी	0.15545	197.78527964379373
46	14	पुरानी	0.23314	215.17868526501115
46	15	है	0.61258	308.717143793644
46	16	।	0.13218	247.07922868292553
48	1	वह	0.00070	51.0
48	2	कविता	0.19439	174.30855296529043
48	3	जिसको	0.00978	51.00000000000003
48	4	सारे	0.08384	51.0
48	5	लोगो	0.85143	196.6171059305808
48	6	के	0.01042	123.30855296529046
48	7	सामने	0.17576	197.78527964379384
48	8	गाया	1.37520	710.9635999683162
48	9	था	0.00399	123.30855296529035
48	10	उस	0.25091	244.57055928758768
48	11	लड़की	0.23588	353.92614755459044
48	12	ने	0.17287	145.6171059305807
48	13	काफी	0.61255	300.6896972323166
48	14	पुरानी	0.28155	262.2849151185146
48	15	है	0.61258	395.48949380375825
48	16	।	0.13218	288.1242851889965
50	1	वह	0.00070	51.0
50	2	आदमी	0.19437	174.30855296529043
50	3	जिसने	0.00979	51.00000000000003
50	4	स्कूटर	1.09453	196.6171059305808
50	5	बड़ी	0.04658	51.0
50	6	मेहनत	0.62905	218.92565889587127
50	7	से	0.01552	123.30855296529046
50	8	साफ	0.05187	101.0
50	9	की	0.62071	791.1282726796868
50	10	थी	0.00366	123.30855296529035
50	11	पुराना	0.17739	291.3558389313814
50	12	कर्मचारी	0.22874	434.7460834904218
50	13	है	0.47788	145.6171059305807
50	14	।	0.52572	306.750845359903
52	1	वह	0.00070	51.0
52	2	आदमी	0.19437	174.30855296529043
52	3	जिसने	0.00979	51.00000000000003
52	4	बड़ी	0.09683	51.0
52	5	मेहनत	0.96221	196.6171059305808
52	6	से	0.01503	123.30855296529046
52	7	साफ	0.05019	101.0
52	8	की	0.64953	779.8074791568455
52	9	थी	0.00366	123.30855296529035
52	10	स्कूटर	0.15930	197.78527964379396
52	11	पुराना	0.22129	343.5360557950339
52	12	कर्मचारी	0.24950	410.3086516946091
52	13	है	0.47788	145.6171059305807
52	14	।	0.52572	316.68925622097095
54	1	वह	0.00070	51.0
54	2	स्कूटर	0.19435	174.30855296529043
54	3	जिसको	0.00976	51.00000000000003
54	4	उस	0.02457	51.0
54	5	आदमी	0.64428	196.6171059305808
54	6	ने	0.01598	123.30855296529046
54	7	बड़ी	0.03317	101.0
54	8	मेहनत	0.49434	218.92565889587127
54	9	से	0.01552	145.6171059305808
54	10	साफ	0.05187	101.0
54	11	किया	0.83359	1043.4003499724124
54	12	था	0.00296	123.30855296529035
54	13	बैटरी	0.15649	338.14111857517537
54	14	से	0.26559	167.92565889587104
54	15	चलती	0.46227	375.52919052226844
54	16	है	0.06485	145.6171059305807
54	17	।	0.67976	313.69690971431464
56	1	वह	0.00070	51.0
56	2	स्कूटर	0.19435	174.30855296529043
56	3	जिसको	0.00976	51.00000000000003
56	4	बड़ी	0.09692	51.0
56	5	मेहनत	0.96283	196.6171059305808
56	6	से	0.01503	123.30855296529046
56	7	साफ	0.05019	101.0
56	8	किया	0.73377	779.8074791568455
56	9	था	0.00296	123.30855296529035
56	10	उस	0.19496	244.57055928758768
56	11	आदमी	0.18699	353.92614755459044
56	12	ने	0.17264	145.6171059305807
56	13	बैटरी	0.66223	599.7587889292663
56	14	से	0.12279	167.9256588958715
56	15	चलती	0.84733	465.0401811821748
56	16	है	0.06485	145.6171059305807
56	17	।	0.67976	353.93220784331515
58	1	वह	0.00054	51.0
58	2	माली	0.12543	51.0
58	3	जिसने	0.02407	51.0
58	4	लकड़ी	1.20355	174.30855296529046
58	5	बहुत	0.05829	51.0
58	6	दिलचस्पी	0.62153	196.6171059305808
58	7	से	0.01575	123.30855296529046
58	8	रखी	1.99679	891.0763954038933
58	9	थी	0.00267	123.30855296529035
58	10	बहुत	0.11160	197.78527964379396
58	11	बूढ़ा	0.18771	215.1786852650116
58	12	है	0.60797	308.717143793644
58	13	।	0.09661	247.07922868292553
60	1	वह	0.00070	51.0
60	2	माली	0.19436	174.30855296529043
60	3	जिसने	0.00976	51.00000000000003
60	4	बहुत	0.08190	51.0
60	5	दिलचस्पी	0.86012	196.6171059305808
60	6	से	0.01525	123.30855296529046
60	7	रखी	1.35018	669.5958665535985
60	8	थी	0.00267	123.30855296529035
60	9	लकड़ी	0.14190	291.3558389313814
60	10	बहुत	0.41585	221.93652087260534
60	11	बूढ़ा	0.18972	235.83929199468594
60	12	है	0.60797	345.92652840714845
60	13	।	0.09661	264.46687068192387
62	1	वह	0.00070	51.0
62	2	लकड़ी	0.19441	174.30855296529043
62	3	जिसको	0.00976	51.00000000000003
62	4	उस	0.02457	51.0
62	5	माली	0.64441	196.6171059305808
62	6	ने	0.01598	123.30855296529046
62	7	बहुत	0.03630	101.0
62	8	दिलचस्पी	0.46703	218.92565889587127
62	9	से	0.01575	145.6171059305808
62	10	रखा	1.56541	929.0068749927816
62	11	था	0.00264	123.30855296529035
62	12	बहुत	0.11138	197.78527964379373
62	13	विचित्र	0.18747	215.17868526501115
62	14	है	0.60792	308.717143793644
62	15	।	0.09654	247.07922868292553
64	1	वह	0.00070	51.0
64	2	लकड़ी	0.19441	174.30855296529043
64	3	जिसको	0.00976	51.00000000000003
64	4	बहुत	0.08197	51.0
64	5	दिलचस्पी	0.86067	196.6171059305808
64	6	से	0.01525	123.30855296529046
64	7	रखा	1.33132	669.5958665535985
64	8	था	0.00264	123.30855296529035
64	9	उस	0.22188	244.57055928758768
64	10	माली	0.17220	353.92614755459044
64	11	ने	0.17273	145.6171059305807
64	12	बहुत	0.56996	300.6896972323166
64	13	विचित्र	0.23607	262.2849151185146
64	14	है	0.60792	395.48949380375825
64	15	।	0.09654	288.1242851889965
66	1	वह	0.00070	51.0
66	2	किसान	0.19563	174.30855296529043
66	3	जिसने	0.00975	51.00000000000003
66	4	फसल	1.09348	196.6171059305808
66	5	कल	0.88648	51.0
66	6	सुबाह	0.01407	51.0
66	7	मैदान	2.65364	977.3233425373048
66	8	में	0.01205	123.30855296529035
66	9	काटी	1.12409	528.5471817679058
66	10	थी	0.00268	123.30855296529035
66	11	बहुत	0.11204	197.78527964379373
66	12	मेहनती	0.18820	215.1786852650116
66	13	है	0.60821	308.717143793644
66	14	।	0.09693	247.07922868292553
68	1	वह	0.00070	51.0
68	2	किसान	0.19563	174.30855296529043
68	3	जिसने	0.00975	51.00000000000003
68	4	कल	1.09660	196.6171059305808
68	5	सुबाह	0.00963	51.0
68	6	मैदान	1.99622	473.89336966741007
68	7	में	0.01205	123.30855296529035
68	8	काटी	1.12409	505.47043762533826
68	9	थी	0.00268	123.30855296529035
68	10	फसल	0.14251	338.14111857517514
68	11	बहुत	0.41635	225.08463517553218
68	12	मेहनती	0.19021	238.66395369032534
68	13	है	0.60821	351.1391014086671
68	14	।	0.09693	266.93284056757193
70	1	वह	0.00070	51.0
70	2	फसल	0.19445	174.30855296529043
70	3	जिसको	0.00975	51.00000000000003
70	4	उस	0.02457	51.0
70	5	किसान	0.64020	196.6171059305808
70	6	ने	0.01597	123.30855296529046
70	7	कल	0.67189	101.0
70	8	सुबाह	0.00716	51.0
70	9	मैदान	3.58722	1608.4245664140503
70	10	में	0.01205	145.6171059305807
70	11	काटा	1.12347	560.6971283076095
70	12	था	0.00266	123.30855296529035
70	13	काफी	0.11234	197.78527964379373
70	14	महंगी	0.18806	215.17868526501115
70	15	है	0.60800	308.717143793644
70	16	।	0.09692	247.07922868292553
72	1	वह	0.00070	51.0
72	2	फसल	0.19445	174.30855296529043
72	3	जिसको	0.00975	51.00000000000003
72	4	कल	1.09608	196.6171059305808
72	5	सुबाह	0.00963	51.0
72	6	मैदान	1.99626	473.89336966741007
72	7	में	0.01205	123.30855296529035
72	8	काटा	1.12347	505.47043762533826
72	9	था	0.00266	123.30855296529035
72	10	उस	0.22287	244.57055928758768
72	11	किसान	0.17310	421.5681967394539
72	12	ने	0.17240	145.6171059305807
72	13	काफी	0.57059	303.9470971053752
72	14	महंगी	0.23640	265.35116078800047
72	15	है	0.60800	401.3242299479407
72	16	।	0.09692	290.9349254906747
74	1	वह	0.00054	51.0
74	2	टी-टी	0.12547	51.0
74	3	जिसने	0.02407	51.0
74	4	सिगरेट	0.12692	51.0
74	5	वेटिंग	0.32099	51.0
74	6	रूम	1.43373	322.1980044095982
74	7	के	0.01102	123.30855296529046
74	8	सामने	0.17219	197.78527964379384
74	9	मांगी	1.98856	951.5585068757167
74	10	थी	0.00401	123.30855296529035
74	11	मेरी	0.24185	291.3558389313814
74	12	मौसी	0.24863	292.8730417452107
74	13	का	0.15797	145.6171059305807
74	14	रिशतेदार	0.70923	497.9667632897358
74	15	है	0.34787	145.6171059305807
74	16	।	0.68683	327.8032677139695
76	1	वह	0.00054	51.0
76	2	टी-टी	0.12547	51.0
76	3	जिसने	0.02407	51.0
76	4	वेटिंग	0.12676	51.0
76	5	रूम	1.17855	174.30855296529046
76	6	के	0.01102	123.30855296529046
76	7	सामने	0.17219	197.78527964379384
76	8	मांगी	1.98856	922.5588814075348
76	9	थी	0.00401	123.30855296529035
76	10	सिगरेट	0.20477	244.57055928758768
76	11	मेरी	0.51176	353.92614755459044
76	12	मौसी	0.25119	419.8166082670591
76	13	का	0.15797	145.6171059305807
76	14	रिशतेदार	0.59290	319.46821353051337
76	15	है	0.85943	409.180246817089
76	16	।	0.13180	294.7259524461515
78	1	वह	0.00070	51.0
78	2	सिगरेट	0.19415	174.30855296529043
78	3	जिसको	0.00977	51.00000000000003
78	4	उस	0.02457	51.0
78	5	टी-टी	0.67694	174.30855296529046
78	6	ने	0.03466	123.30855296529046
78	7	वेटिंग	0.04400	101.0
78	8	रूम	0.59888	196.6171059305808
78	9	के	0.01166	145.61710593058092
78	10	सामने	0.17236	200.05665267703785
78	11	मांगा	1.76436	970.9549839473948
78	12	था	0.00398	123.30855296529035
78	13	विलायत	0.20478	291.35583893138164
78	14	से	0.26560	167.9256588958715
78	15	आती	0.48417	370.2166234210749
78	16	है	0.06468	145.6171059305807
78	17	।	0.70666	311.41833563247064
80	1	वह	0.00070	51.0
80	2	सिगरेट	0.19415	174.30855296529043
80	3	जिसको	0.00977	51.00000000000003
80	4	वेटिंग	0.08805	51.0
80	5	रूम	0.90864	196.6171059305808
80	6	के	0.01102	123.30855296529046
80	7	सामने	0.17219	197.78527964379384
80	8	मांगा	1.33980	710.9635999683162
80	9	था	0.00398	123.30855296529035
80	10	उस	0.24998	244.57055928758768
80	11	टी-टी	0.18498	218.64204918486348
80	12	ने	0.55887	145.6171059305807
80	13	विलायत	0.39614	479.4978965480559
80	14	से	0.12279	167.9256588958715
80	15	आती	0.86893	445.42281790589686
80	16	है	0.06468	145.6171059305807
80	17	।	0.70666	344.8859024265994
82	1	वह	0.00054	51.0
82	2	बढ़ई	0.83369	224.30855296529046
82	3	जिसने	0.22644	145.6171059305808
82	4	अलमारी	0.22657	200.05665267703773
82	5	नीम	0.69827	283.0418279751374
82	6	के	0.21231	123.30855296529035
82	7	पेड़	0.54893	482.6159493843909
82	8	के	0.10229	145.61710593058092
82	9	नीचे	0.40888	200.05665267703785
82	10	बनायी	0.87177	460.95861220714687
82	11	थी	0.15133	123.30855296529035
82	12	यहाँ	0.49688	651.9595178032673
82	13	कई	0.23597	319.7309539246585
82	14	सालों	0.24381	861.9447721712245
82	15	से	0.18038	167.9256588958715
82	16	काम	0.68151	1227.2530947751657
82	17	कर	0.93600	845.6523465086539
82	18	रहा	0.16932	145.6171059305807
82	19	है	0.15955	298.1699580311133
82	20	।	0.47902	459.23704222681863
84	1	वह	0.00054	51.0
84	2	बढ़ई	0.83369	224.30855296529046
84	3	जिसने	0.22644	145.6171059305808
84	4	नीम	0.22658	200.05665267703773
84	5	के	0.14571	123.30855296529046
84	6	पेड़	0.69828	356.5628739731528
84	7	के	0.10229	145.61710593058092
84	8	नीचे	0.40888	200.05665267703785
84	9	बनायी	0.87177	428.17890196136955
84	10	थी	0.15133	123.30855296529035
84	11	अलमारी	0.42254	606.6564049991659
84	12	यहाँ	0.50235	613.0012200705542
84	13	कई	0.23853	323.33094283029004
84	14	सालों	0.24381	876.0169985204998
84	15	से	0.18038	167.9256588958715
84	16	काम	0.68151	1244.1692790786738
84	17	कर	0.93600	855.7197733524608
84	18	रहा	0.16932	145.6171059305807
84	19	है	0.15955	298.1699580311133
84	20	।	0.47902	462.43823826709195
86	1	वह	0.00054	51.0
86	2	अलमारी	0.83343	224.30855296529046
86	3	जिसको	0.22645	145.6171059305808
86	4	उस	0.27753	200.05665267703773
86	5	बढ़ई	0.24467	217.02091398756863
86	6	ने	0.17273	123.30855296529046
86	7	नीम	0.69934	381.75065273198913
86	8	के	0.10232	145.61710593058092
86	9	पेड़	0.87867	547.1575472443346
86	10	के	0.10229	167.9256588958715
86	11	नीचे	0.40888	202.2274140710133
86	12	बनाया	0.87289	499.43092771761167
86	13	था	0.14935	123.30855296529035
86	14	लकड़ी	0.42355	874.4046246615617
86	15	की	0.54184	723.2602888202878
86	16	है	0.13570	145.6171059305807
86	17	।	0.40996	413.9636597987428
88	1	वह	0.00054	51.0
88	2	अलमारी	0.83343	224.30855296529046
88	3	जिसको	0.22645	145.6171059305808
88	4	नीम	0.22659	200.05665267703773
88	5	के	0.14571	123.30855296529046
88	6	पेड़	0.69829	356.5628739731528
88	7	के	0.10229	145.61710593058092
88	8	नीचे	0.40888	200.05665267703785
88	9	बनाया	0.87289	428.17890196136955
88	10	था	0.14935	123.30855296529035
88	11	उस	0.50886	336.21880166638834
88	12	बढ़ई	0.22438	586.5388733273803
88	13	ने	0.17273	167.9256588958715
88	14	लकड़ी	0.69931	881.3211213967311
88	15	की	0.98232	728.3698858536022
88	16	है	0.13570	145.6171059305807
88	17	।	0.40996	415.60676641482496
90	1	वह	0.00070	51.0
90	2	दुकानदार	0.19421	174.30855296529043
90	3	जिसने	0.00974	51.00000000000003
90	4	पुरानी	0.09987	51.0
90	5	बन्दूक	0.96422	196.6171059305808
90	6	इस	0.00835	51.0
90	7	साल	0.36517	218.92565889587127
90	8	एक-दो	0.03662	51.0
90	9	बार	0.42796	241.2342118611616
90	10	म्यूजियम	0.84403	51.0
90	11	में	0.01174	123.30855296529035
90	12	दिखायी	1.99453	1350.955121035696
90	13	थी	0.00267	123.30855296529035
90	14	मशहूर	0.15515	244.57055928758746
90	15	संग्रहकर्ता	0.18279	556.8522951091809
90	16	है	0.47739	145.6171059305807
90	17	।	0.49916	310.1707054970734
92	1	वह	0.00070	51.0
92	2	दुकानदार	0.19421	174.30855296529043
92	3	जिसने	0.00974	51.00000000000003
92	4	इस	0.01270	51.0
92	5	साल	0.55147	196.6171059305808
92	6	एक-दो	0.02395	51.0
92	7	बार	0.38253	218.92565889587127
92	8	म्यूजियम	0.93558	51.0
92	9	में	0.01174	123.30855296529046
92	10	दिखायी	1.79237	1094.6169214665106
92	11	थी	0.00267	123.30855296529035
92	12	पुरानी	0.15449	197.78527964379373
92	13	बन्दूक	0.18289	471.8934263250567
92	14	मशहूर	0.54809	337.80219417328544
92	15	संग्रहकर्ता	0.18529	808.8180769915384
92	16	है	0.47739	145.61710593058115
92	17	।	0.49916	348.72160807621003
94	1	वह	0.00070	51.0
94	2	बन्दूक	0.19432	174.30855296529043
94	3	जिसको	0.00976	51.00000000000003
94	4	उस	0.02457	51.0
94	5	दुकानदार	0.64482	196.6171059305808
94	6	ने	0.01597	123.30855296529046
94	7	इस	0.00571	101.0
94	8	साल	0.27933	218.92565889587127
94	9	एक-दो	0.02466	51.0
94	10	बार	0.39244	241.2342118611615
94	11	म्यूजियम	0.93558	51.0
94	12	में	0.01174	145.61710593058092
94	13	दिखाया	2.01998	1379.4203254144945
94	14	था	0.00264	123.30855296529035
94	15	अंग्रेज़ो	0.09423	197.78527964379373
94	16	के	0.69783	167.92565889587104
94	17	ज़माने	0.26406	675.1700983153169
94	18	की	0.10402	190.23421186116138
94	19	है	0.34873	257.6197117409447
94	20	।	0.66211	332.16495917699467
96	1	वह	0.00070	51.0
96	2	बन्दूक	0.19432	174.30855296529043
96	3	जिसको	0.00976	51.00000000000003
96	4	इस	0.01272	51.0
96	5	साल	0.55185	196.6171059305808
96	6	एक-दो	0.02395	51.0
96	7	बार	0.38253	218.92565889587127
96	8	म्यूजियम	0.93558	51.0
96	9	में	0.01174	123.30855296529046
96	10	दिखाया	1.78625	1094.6169214665106
96	11	था	0.00264	123.30855296529035
96	12	उस	0.22172	291.35583893138164
96	13	दुकानदार	0.17223	505.68260436302717
96	14	ने	0.17272	145.6171059305807
96	15	अंग्रेज़ो	0.71084	309.9745781894512
96	16	के	0.34868	167.92565889587104
96	17	ज़माने	0.41244	972.622768866675
96	18	की	0.96145	470.63813215945356
96	19	है	0.13570	145.6171059305807
96	20	।	0.38059	380.0073443188476
98	1	वह	0.00070	51.0
98	2	प्रोफेसर	0.19380	174.30855296529043
98	3	जिसने	0.00978	51.00000000000003
98	4	पहेली	0.08797	51.0
98	5	क्लास	0.90784	196.6171059305808
98	6	में	0.01384	123.30855296529046
98	7	सुलझाई	1.36055	669.5958665535985
98	8	थी	0.00268	123.30855296529035
98	9	गणित	0.14253	291.3558389313814
98	10	बहुत	0.41630	221.93652087260534
98	11	अच्छा	0.19065	235.83929199468594
98	12	पढ़ाते	0.21757	345.92652840714845
98	13	हैं	0.10838	145.6171059305807
98	14	।	0.50744	322.58788746753817
100	1	वह	0.00070	51.0
100	2	प्रोफेसर	0.19380	174.30855296529043
100	3	जिसने	0.00978	51.00000000000003
100	4	क्लास	1.09390	196.6171059305808
100	5	में	0.01374	123.30855296529046
100	6	सुलझाई	1.10777	477.54969187468475
100	7	थी	0.00268	123.30855296529035
100	8	पहेली	0.18255	197.78527964379396
100	9	गणित	0.24597	343.53605579503414
100	10	बहुत	0.56769	237.43621723153638
100	11	अच्छा	0.19065	249.93525798540554
100	12	पढ़ाते	0.21757	372.15261565627634
100	13	हैं	0.10838	145.6171059305807
100	14	।	0.50744	334.29503922610684
102	1	वह	0.00070	51.0
102	2	पहेली	0.19432	174.30855296529043
102	3	जिसको	0.00976	51.00000000000003
102	4	उस	0.02457	51.0
102	5	प्रोफेसर	0.64625	196.6171059305808
102	6	ने	0.01599	123.30855296529046
102	7	क्लास	0.68020	101.0
102	8	में	0.01478	145.6171059305808
102	9	सुलझाया	1.61947	895.6554648046501
102	10	था	0.00266	123.30855296529035
102	11	बहुत	0.11199	197.78527964379396
102	12	कठिन	0.18834	215.17868526501115
102	13	थी	0.42302	308.717143793644
102	14	।	0.11394	247.07922868292553
104	1	वह	0.00070	51.0
104	2	पहेली	0.19432	174.30855296529043
104	3	जिसको	0.00976	51.00000000000003
104	4	क्लास	1.09256	196.6171059305808
104	5	में	0.01374	123.30855296529046
104	6	सुलझाया	1.10847	477.54969187468475
104	7	था	0.00266	123.30855296529035
104	8	उस	0.22303	244.57055928758768
104	9	प्रोफेसर	0.17291	353.92614755459044
104	10	ने	0.17274	145.61710593058092
104	11	बहुत	0.57052	300.6896972323168
104	12	कठिन	0.23693	262.2849151185146
104	13	थी	0.42302	395.48949380375825
104	14	।	0.11394	288.1242851889965
106	1	वह	0.00070	51.0
106	2	ग्राहक	0.19462	174.30855296529043
106	3	जिसने	0.00976	51.00000000000003
106	4	कमीज	1.09338	196.6171059305808
106	5	बहुत	0.05087	51.0
106	6	जल्दीबाजी	0.56065	218.92565889587127
106	7	में	0.01370	123.30855296529046
106	8	खरीदी	1.30536	682.1097982404541
106	9	थी	0.00268	123.30855296529035
106	10	इस	0.31335	244.57055928758768
106	11	दुकान	0.17649	421.5681967394539
106	12	में	0.15746	145.6171059305807
106	13	कई	0.55785	406.89419421075036
106	14	बार	0.21672	744.3121663443148
106	15	आ	0.62141	443.1915038395168
106	16	चुका	0.22367	145.61710593058115
106	17	है	0.18798	298.1699580311133
106	18	।	0.38283	375.6059972275025
108	1	वह	0.00070	51.0
108	2	ग्राहक	0.19462	174.30855296529043
108	3	जिसने	0.00976	51.00000000000003
108	4	बहुत	0.08190	51.0
108	5	जल्दीबाजी	0.85956	196.6171059305808
108	6	में	0.01326	123.30855296529046
108	7	खरीदी	1.36830	669.5958665535985
108	8	थी	0.00268	123.30855296529035
108	9	कमीज	0.14252	291.3558389313814
108	10	इस	0.58408	292.8730417452109
108	11	दुकान	0.17862	506.300951046165
108	12	में	0.15746	145.6171059305807
108	13	कई	0.55785	443.81207179625017
108	14	बार	0.21672	832.5854360762196
108	15	आ	0.62141	477.84514939242536
108	16	चुका	0.22367	145.6171059305807
108	17	है	0.18798	298.1699580311133
108	18	।	0.38283	391.23244447132765
110	1	वह	0.00070	51.0
110	2	कमीज	0.19424	174.30855296529043
110	3	जिसको	0.00976	51.00000000000003
110	4	उस	0.02457	51.0
110	5	ग्राहक	0.64359	196.6171059305808
110	6	ने	0.01598	123.30855296529046
110	7	बहुत	0.03632	101.0
110	8	जल्दीबाजी	0.46697	218.92565889587127
110	9	में	0.01370	145.6171059305808
110	10	खरीदा	1.60852	929.0068749927816
110	11	था	0.00266	123.30855296529035
110	12	जापान	0.09466	197.78527964379373
110	13	में	0.74638	167.9256588958715
110	14	बनती	0.25328	359.05669943843895
110	15	है	0.06482	145.6171059305807
110	16	।	0.67075	306.6892662128621
112	1	वह	0.00070	51.0
112	2	कमीज	0.19424	174.30855296529043
112	3	जिसको	0.00976	51.00000000000003
112	4	बहुत	0.08197	51.0
112	5	जल्दीबाजी	0.86010	196.6171059305808
112	6	में	0.01326	123.30855296529046
112	7	खरीदा	1.36718	669.5958665535985
112	8	था	0.00266	123.30855296529035
112	9	उस	0.22300	244.57055928758768
112	10	ग्राहक	0.17297	353.92614755459044
112	11	ने	0.17264	145.6171059305807
112	12	जापान	0.71199	300.6896972323166
112	13	में	0.37606	167.9256588958715
112	14	बनती	0.46855	441.92246678077026
112	15	है	0.06482	145.6171059305807
112	16	।	0.67075	343.28238061514276
114	1	वह	0.00070	51.0
114	2	लड़का	0.19402	174.30855296529043
114	3	जिसने	0.00976	51.00000000000003
114	4	मोटरसाइकिल	1.09327	196.6171059305808
114	5	पिछले	0.04526	51.0
114	6	हफते	1.03419	551.0316642945904
114	7	खरीदी	0.08286	145.61710593058092
114	8	थी	0.28080	123.30855296529035
114	9	डाक्टरी	0.31475	393.0409181668456
114	10	की	0.22667	123.30855296529035
114	11	पढ़ाई	0.47970	487.7538855132552
114	12	कर	0.09899	145.6171059305807
114	13	रहा	0.14563	298.1699580311133
114	14	है	0.13035	442.64846666300673
114	15	।	0.69334	351.15367540960233
116	1	वह	0.00070	51.0
116	2	लड़का	0.19402	174.30855296529043
116	3	जिसने	0.00976	51.00000000000003
116	4	पिछले	0.09418	51.0
116	5	हफते	1.07311	537.5364587679538
116	6	खरीदी	0.08286	145.6171059305808
116	7	थी	0.28080	123.30855296529046
116	8	मोटरसाइकिल	0.34387	265.0136393889484
116	9	डाक्टरी	0.29592	308.4281574003503
116	10	की	0.14844	123.30855296529035
116	11	पढ़ाई	0.66494	514.1635159545781
116	12	कर	0.09899	145.6171059305807
116	13	रहा	0.14563	298.1699580311133
116	14	है	0.13035	442.64846666300673
116	15	।	0.69334	357.72982509397025
118	1	वह	0.00070	51.0
118	2	मोटरसाइकिल	0.19428	174.30855296529043
118	3	जिसको	0.00975	51.00000000000003
118	4	उस	0.02457	51.0
118	5	लड़के	0.64512	196.6171059305808
118	6	ने	0.01598	123.30855296529046
118	7	पिछले	0.03213	101.0
118	8	हफते	1.25052	779.8074791568455
118	9	खरीदा	0.08285	145.61710593058092
118	10	था	0.27847	123.30855296529035
118	11	बजाज	0.33899	265.0136393889484
118	12	की	0.70738	145.6171059305807
118	13	नई	0.31880	381.05321237998214
118	14	पेशकश	0.29090	470.40202624659287
118	15	है	0.47741	167.9256588958715
118	16	।	0.52798	335.35839818896784
120	1	वह	0.00070	51.0
120	2	मोटरसाइकिल	0.19428	174.30855296529043
120	3	जिसको	0.00975	51.00000000000003
120	4	पिछले	0.09426	51.0
120	5	हफते	1.07314	537.5364587679538
120	6	खरीदा	0.08285	145.6171059305808
120	7	था	0.27847	123.30855296529046
120	8	उस	0.37680	329.027278777897
120	9	लड़के	0.22288	316.1734635829996
120	10	ने	0.17282	123.30855296529035
120	11	बजाज	0.73634	308.6896638218177
120	12	की	0.35403	145.6171059305807
120	13	नई	0.47766	454.2217188659988
120	14	पेशकश	0.29090	574.9968311861317
120	15	है	0.47741	167.9256588958715
120	16	।	0.52798	367.4702995716407
122	1	वह	0.00070	51.0
122	2	बच्ची	0.19422	174.30855296529043
122	3	जिसने	0.00976	51.00000000000003
122	4	डिब्बी	1.09333	196.6171059305808
122	5	धीरे	0.10676	51.0
122	6	से	1.05964	51.0
122	7	चुपके-चुपके	0.57566	51.0
122	8	खोली	1.38986	920.6942901181019
122	9	थी	0.00406	123.30855296529035
122	10	बहुत	0.15589	197.78527964379396
122	11	शरारती	0.23432	215.1786852650116
122	12	है	0.61133	308.717143793644
122	13	।	0.13310	247.07922868292553
124	1	वह	0.00070	51.0
124	2	बच्ची	0.19422	174.30855296529043
124	3	जिसने	0.00976	51.00000000000003
124	4	धीरे	0.16423	51.0
124	5	से	0.76162	51.0
124	6	चुपके-चुपके	0.57566	51.0
124	7	खोली	1.44467	910.8207512500302
124	8	थी	0.00406	123.30855296529035
124	9	डिब्बी	0.20701	244.57055928758768
124	10	बहुत	0.46012	218.64204918486348
124	11	शरारती	0.23633	232.90857074504106
124	12	है	0.61133	340.5446924478106
124	13	।	0.13310	261.9275578847987
126	1	वह	0.00070	51.0
126	2	डिब्बी	0.19432	174.30855296529043
126	3	जिसको	0.00976	51.00000000000003
126	4	उस	0.02457	51.0
126	5	बच्ची	0.64492	196.6171059305808
126	6	ने	0.01597	123.30855296529046
126	7	धीरे	0.07644	101.0
126	8	से	0.60305	51.0
126	9	चुपके-चुपके	0.57566	51.0
126	10	खोला	1.62144	1161.7183570016923
126	11	था	0.00402	123.30855296529035
126	12	मेरी	0.24167	244.57055928758746
126	13	दादी	0.25073	353.92614755459044
126	14	की	0.76176	330.21107217803956
126	15	है	0.13570	145.6171059305807
126	16	।	0.41705	315.718451064492
128	1	वह	0.00070	51.0
128	2	डिब्बी	0.19432	174.30855296529043
128	3	जिसको	0.00976	51.00000000000003
128	4	धीरे	0.16437	51.0
128	5	से	0.76162	51.0
128	6	चुपके-चुपके	0.57566	51.0
128	7	खोला	1.44162	910.8207512500302
128	8	था	0.00402	123.30855296529035
128	9	उस	0.24943	244.57055928758768
128	10	बच्ची	0.23727	286.28409836972696
128	11	ने	0.17269	123.30855296529057
128	12	मेरी	0.65496	391.3709419590168
128	13	दादी	0.31155	484.9508335578539
128	14	की	0.76176	412.7154261939286
128	15	है	0.13570	145.6171059305807
128	16	।	0.41705	352.855231641699
130	1	वह	0.00070	51.0
130	2	आदमी	0.19437	174.30855296529043
130	3	जिसने	0.00979	51.00000000000003
130	4	टाई	1.09455	196.6171059305808
130	5	बड़ी	0.04658	51.0
130	6	स्टाईल	0.62937	218.92565889587127
130	7	से	0.01552	123.30855296529046
130	8	पहनी	1.30345	682.1097982404541
130	9	हुई	0.00283	123.30855296529035
130	10	थी	0.03826	244.57055928758768
130	11	हमारे	0.21368	286.28409836972696
130	12	कालेज	0.18665	494.3734533629063
130	13	में	0.15804	145.6171059305807
130	14	काम	0.64498	794.763295236372
130	15	करता	0.89504	443.36820569938027
130	16	है	0.11593	167.9256588958715
130	17	।	0.43017	367.8018973637527
132	1	वह	0.00070	51.0
132	2	आदमी	0.19437	174.30855296529043
132	3	जिसने	0.00979	51.00000000000003
132	4	बड़ी	0.09683	51.0
132	5	स्टाईल	0.96266	196.6171059305808
132	6	से	0.01502	123.30855296529046
132	7	पहनी	1.36638	669.5958665535985
132	8	हुई	0.00283	123.30855296529035
132	9	थी	0.03826	244.57055928758768
132	10	टाई	0.14428	353.92614755459044
132	11	हमारे	0.48166	330.21107217803956
132	12	कालेज	0.18922	575.2912090188233
132	13	में	0.15804	145.6171059305807
132	14	काम	0.64498	886.0942875726514
132	15	करता	0.89504	479.2255155970033
132	16	है	0.11593	167.9256588958715
132	17	।	0.43017	384.67357854880356
134	1	वह	0.00070	51.0
134	2	टाई	0.19436	174.30855296529043
134	3	जिसको	0.00976	51.00000000000003
134	4	उस	0.02457	51.0
134	5	आदमी	0.64428	196.6171059305808
134	6	ने	0.01598	123.30855296529046
134	7	बड़ी	0.03317	101.0
134	8	स्टाईल	0.49458	218.92565889587127
134	9	से	0.01552	145.6171059305808
134	10	पहना	1.60872	929.0068749927816
134	11	हुआ	0.00280	123.30855296529035
134	12	था	0.03844	244.57055928758746
134	13	आज	0.14535	421.5681967394539
134	14	कल	0.48202	617.0799600377927
134	15	फैशन	0.49781	878.7297869450535
134	16	में	0.22975	167.9256588958715
134	17	है	0.66827	253.4548281420266
134	18	।	0.38244	367.98977681886754
136	1	वह	0.00070	51.0
136	2	टाई	0.19436	174.30855296529043
136	3	जिसको	0.00976	51.00000000000003
136	4	बड़ी	0.09692	51.0
136	5	स्टाईल	0.96328	196.6171059305808
136	6	से	0.01502	123.30855296529046
136	7	पहना	1.36679	669.5958665535985
136	8	हुआ	0.00280	123.30855296529035
136	9	था	0.03844	244.57055928758768
136	10	उस	0.22500	286.28409836972696
136	11	आदमी	0.17302	408.5300900221796
136	12	ने	0.17264	145.6171059305807
136	13	आज	0.64657	661.6866476638033
136	14	कल	0.82864	844.4246959490938
136	15	फैशन	0.49781	1145.5103194316162
136	16	में	0.22975	167.9256588958715
136	17	है	0.66827	253.4548281420266
136	18	।	0.38244	408.9703879499875
138	1	वह	0.00070	51.0
138	2	औरत	0.19432	174.30855296529043
138	3	जिसने	0.00975	51.00000000000003
138	4	लाल	0.01684	51.0
138	5	गाड़ी	0.94035	174.30855296529046
138	6	पिछले	0.05599	51.0
138	7	महीने	0.63579	196.6171059305808
138	8	खरीदी	1.78803	781.9005682029325
138	9	थी	0.00554	123.30855296529035
138	10	मेरे	0.27835	244.57055928758768
138	11	बेटे	0.31717	353.9261475545902
138	12	की	0.14807	123.30855296529035
138	13	टीचर	0.77790	595.3671985090732
138	14	है	0.34793	145.6171059305807
138	15	।	0.72578	331.19625360883083
140	1	वह	0.00070	51.0
140	2	औरत	0.19432	174.30855296529043
140	3	जिसने	0.00975	51.00000000000003
140	4	पिछले	0.09418	51.0
140	5	महीने	0.95067	196.6171059305808
140	6	खरीदी	1.36724	569.3836828871933
140	7	थी	0.00554	123.30855296529035
140	8	लाल	0.25120	244.57055928758768
140	9	गाड़ी	0.31440	353.92614755459044
140	10	मेरे	0.68523	330.21107217803933
140	11	बेटे	0.31972	575.2912090188233
140	12	की	0.14807	123.30855296529035
140	13	टीचर	0.77790	882.1107570369818
140	14	है	0.34793	145.6171059305807
140	15	।	0.72578	370.0719248721566
142	1	वह	0.00054	51.0
142	2	लाल	0.00473	51.0
142	3	गाड़ी	0.39734	174.30855296529046
142	4	जिसको	0.02076	51.0
142	5	उस	0.03442	51.0
142	6	औरत	0.85762	174.30855296529046
142	7	ने	0.01598	123.30855296529046
142	8	पिछले	0.03214	101.0
142	9	महीने	0.48700	196.6171059305808
142	10	खरीदा	2.33459	1041.8024291939673
142	11	था	0.00549	123.30855296529035
142	12	लोगो	0.27355	291.35583893138164
142	13	में	0.23929	145.6171059305807
142	14	काफी	0.50880	284.3119056916835
142	15	लोकप्रिय	0.33134	343.1182072800275
142	16	है	0.61505	375.28187552603003
142	17	।	0.17080	278.4271951492269
144	1	वह	0.00070	51.0
144	2	लाल	0.05721	51.0
144	3	गाड़ी	0.82641	322.1980044095982
144	4	जिसको	0.01768	51.0
144	5	पिछले	0.13398	51.0
144	6	महीने	1.47421	322.1980044095982
144	7	खरीदा	1.32418	401.73097003361636
144	8	था	0.00549	123.30855296529035
144	9	उस	0.28135	244.57055928758768
144	10	औरत	0.30370	286.28409836972696
144	11	ने	0.17273	123.30855296529035
144	12	लोगो	0.77845	486.5564129385252
144	13	में	0.11008	145.6171059305807
144	14	काफी	0.83137	324.40660785238197
144	15	लोकप्रिय	0.33134	418.6335058889049
144	16	है	0.61505	447.59440469729316
144	17	।	0.17080	313.35703008207565
146	1	वह	0.00070	51.0
146	2	डाक्टर	0.19431	174.30855296529043
146	3	जिसने	0.00977	51.00000000000003
146	4	दवाईयां	1.09393	196.6171059305808
146	5	कल	0.88751	51.0
146	6	शाम	1.44023	241.2342118611616
146	7	फेकीं	1.30104	586.5879491645542
146	8	थीं	0.00567	123.30855296529035
146	9	बहुत	0.20221	197.78527964379373
146	10	होशियार	0.28365	215.17868526501138
146	11	है	0.61491	308.7171437936438
146	12	।	0.17098	247.07922868292553
148	1	वह	0.00070	51.0
148	2	डाक्टर	0.19431	174.30855296529043
148	3	जिसने	0.00977	51.00000000000003
148	4	कल	1.09715	196.6171059305808
148	5	शाम	0.89249	51.0
148	6	फेकीं	1.30127	551.0316642945904
148	7	थीं	0.00567	123.30855296529035
148	8	दवाईयां	0.27359	338.14111857517537
148	9	बहुत	0.50624	225.08463517553196
148	10	होशियार	0.28566	238.66395369032534
148	11	है	0.61491	351.13910140866756
148	12	।	0.17098	266.93284056757193
150	1	वह	0.00070	51.0
150	2	दवाईयां	0.19442	174.30855296529043
150	3	जिनको	0.00977	51.00000000000003
150	4	उस	0.02458	51.0
150	5	डाक्टर	0.64468	196.6171059305808
150	6	ने	0.01598	123.30855296529046
150	7	कल	0.67298	101.0
150	8	शाम	0.71889	51.0
150	9	फेका	1.83182	962.9599736336658
150	10	था	0.00550	123.30855296529035
150	11	खराब	0.25112	197.78527964379396
150	12	हो	0.23232	279.35737053002276
150	13	गईं	0.12099	145.6171059305807
150	14	थीं	0.16582	298.1699580311133
150	15	।	0.61123	308.99746398284924
152	1	वह	0.00070	51.0
152	2	दवाईयां	0.19442	174.30855296529043
152	3	जिनको	0.00977	51.00000000000003
152	4	कल	1.09634	196.6171059305808
152	5	शाम	0.89249	51.0
152	6	फेका	1.30137	551.0316642945904
152	7	था	0.00550	123.30855296529035
152	8	उस	0.28157	244.57055928758768
152	9	डाक्टर	0.30405	421.5681967394539
152	10	ने	0.17272	123.30855296529035
152	11	खराब	0.64690	302.8843070442945
152	12	हो	0.37026	377.69913282194057
152	13	गईं	0.12099	145.6171059305807
152	14	थीं	0.16582	298.1699580311133
152	15	।	0.61123	347.1243231166345
154	1	वह	0.00070	51.0
154	2	इंजीनियर	0.19415	174.30855296529043
154	3	जिसने	0.00975	51.00000000000003
154	4	वह	0.02401	51.0
154	5	बिल्डिंग	0.65494	196.6171059305808
154	6	बहुत	0.08066	51.0
154	7	धीरे-धीरे	0.41978	51.0
154	8	बनायी	1.42987	932.5571684265944
154	9	थी	0.00404	123.30855296529035
154	10	मरे	0.10055	244.57055928758768
154	11	दोस्त	0.35704	353.9261475545902
154	12	की	0.28823	123.30855296529035
154	13	कंपनी	0.47209	595.3671985090732
154	14	में	0.11049	145.6171059305807
154	15	काम	0.89130	851.9812680441555
154	16	करता	0.92302	623.2214465897728
154	17	है	0.11593	145.6171059305807
154	18	।	0.46561	382.0178290351205
156	1	वह	0.00070	51.0
156	2	इंजीनियर	0.19415	174.30855296529043
156	3	जिसने	0.00975	51.00000000000003
156	4	बहुत	0.16780	51.0
156	5	धीरे-धीरे	0.29212	51.0
156	6	बनायी	1.26859	717.5967190957491
156	7	थी	0.00404	123.30855296529035
156	8	वह	0.25000	244.57055928758768
156	9	बिल्डिंग	0.23631	286.28409836972696
156	10	मरे	0.67259	322.68672668145337
156	11	दोस्त	0.36499	458.67110970525073
156	12	की	0.28823	123.30855296529035
156	13	कंपनी	0.47209	717.6812715862848
156	14	में	0.11049	145.6171059305807
156	15	काम	0.89130	993.295174047963
156	16	करता	0.92302	706.7226946472874
156	17	है	0.11593	145.6171059305807
156	18	।	0.46561	408.6522613093721
158	1	हमारी	0.00073	51.0
158	2	बिल्डिंग	0.61753	51.0
158	3	जिसको	0.01586	51.0
158	4	उस	0.02457	51.0
158	5	इंजीनियर	0.64495	196.6171059305808
158	6	ने	0.01596	123.30855296529046
158	7	बहुत	0.08070	101.0
158	8	धीरे-धीरे	0.22980	51.0
158	9	बनाया	1.74016	1186.4634272879441
158	10	था	0.00398	123.30855296529035
158	11	बहुत	0.19125	197.78527964379373
158	12	सुनसान	0.23491	343.5360557950339
158	13	इलाके	0.69070	496.7448689261455
158	14	में	0.22907	145.6171059305807
158	15	है	0.66656	249.11330535407524
158	16	।	0.41825	330.0673672979701
160	1	हमारी	0.00073	51.0
160	2	बिल्डिंग	0.61753	51.0
160	3	जिसको	0.01586	51.0
160	4	बहुत	0.16794	51.0
160	5	धीरे-धीरे	0.29212	51.0
160	6	बनाया	1.56980	910.8207512500303
160	7	था	0.00398	123.30855296529035
160	8	उस	0.24682	197.78527964379373
160	9	इंजीनियर	0.23527	279.35737053002276
160	10	ने	0.17259	123.30855296529035
160	11	बहुत	0.60286	293.3912217767179
160	12	सुनसान	0.27919	464.37026980222754
160	13	इलाके	0.69070	648.0740361144371
160	14	में	0.22907	145.6171059305807
160	15	है	0.66656	249.11330535407524
160	16	।	0.41825	362.5751780575374
162	1	वह	0.00070	51.0
162	2	लड़की	0.19412	174.30855296529043
162	3	जिसने	0.00976	51.00000000000003
162	4	सारी	0.08377	51.0
162	5	फाइलें	0.85434	196.6171059305808
162	6	पिछले	0.04211	51.0
162	7	हफते	1.23566	743.1407004113612
162	8	शाम	0.18713	167.92565889587127
162	9	के	0.28359	123.30855296529035
162	10	समय	0.38691	244.57055928758768
162	11	उठायीं	0.39832	364.7317713203563
162	12	थीं	0.10296	123.30855296529035
162	13	बहुत	0.60970	308.07217306684424
162	14	अच्छा	0.22005	387.49767019929277
162	15	गाना	0.25481	684.1280087956211
162	16	गाती	0.66871	619.9988838884115
162	17	है	0.13815	145.6171059305807
162	18	।	0.40429	380.9972002027798
164	1	वह	0.00070	51.0
164	2	लड़की	0.19412	174.30855296529043
164	3	जिसने	0.00976	51.00000000000003
164	4	पिछले	0.09418	51.0
164	5	हफते	1.07297	537.5364587679538
164	6	शाम	0.18713	145.6171059305808
164	7	के	0.28359	123.30855296529046
164	8	समय	0.38691	244.57055928758768
164	9	उठायीं	0.39832	362.0506808976336
164	10	थीं	0.10296	123.30855296529035
164	11	सारी	0.58057	306.9273084375418
164	12	फाइलें	0.22243	502.49656589190727
164	13	बहुत	0.58461	287.4963530271125
164	14	अच्छा	0.22206	443.8256826448246
164	15	गाना	0.25481	793.0926899659421
164	16	गाती	0.66871	700.1466841934789
164	17	है	0.13815	145.6171059305807
164	18	।	0.40429	406.5431795563418
166	1	वह	0.00070	51.0
166	2	फाइलें	0.19420	174.30855296529043
166	3	जिनको	0.00974	51.00000000000003
166	4	उस	0.02458	51.0
166	5	लड़की	0.64550	196.6171059305808
166	6	ने	0.01598	123.30855296529046
166	7	पिछले	0.03216	101.0
166	8	हफते	1.25050	779.8074791568455
166	9	शाम	0.18713	167.92565889587127
166	10	के	0.28359	145.61710593058092
166	11	समय	0.38691	298.1699580311131
166	12	उठाया	0.39843	373.54278511346774
166	13	था	0.09990	123.30855296529035
166	14	दो	0.57802	311.8655058845902
166	15	साल	0.22363	638.3850797978894
166	16	से	0.17413	190.23421186116184
166	17	एक	0.59484	507.07393704304695
166	18	जगह	0.27079	985.8736808552685
166	19	पर	0.18513	212.54276482645218
166	20	सड़	0.66132	801.4718758908348
166	21	रहीं	0.10424	145.6171059305807
166	22	थीं	0.13550	298.1699580311133
166	23	।	0.69471	429.50494251358396
168	1	वह	0.00070	51.0
168	2	फाइलें	0.19420	174.30855296529043
168	3	जिनको	0.00974	51.00000000000003
168	4	पिछले	0.09429	51.0
168	5	हफते	1.07323	537.5364587679538
168	6	शाम	0.18713	145.6171059305808
168	7	के	0.28359	123.30855296529046
168	8	समय	0.38691	244.57055928758768
168	9	उठाया	0.39843	362.0506808976336
168	10	था	0.09990	123.30855296529035
168	11	उस	0.62857	412.8546168750836
168	12	लड़की	0.22286	515.4898310426111
168	13	ने	0.17287	167.92565889587104
168	14	दो	0.59586	349.04826687707737
168	15	साल	0.26943	781.3837774680842
168	16	से	0.17413	190.23421186116138
168	17	एक	0.59484	574.1257222884851
168	18	जगह	0.27079	1150.0027409801824
168	19	पर	0.18513	212.54276482645218
168	20	सड़	0.66132	896.225342571287
168	21	रहीं	0.10424	145.6171059305807
168	22	थीं	0.13550	298.1699580311133
168	23	।	0.69471	459.41913570243923
170	1	वह	0.00070	51.0
170	2	हलवाई	0.19432	174.30855296529043
170	3	जिसने	0.00975	51.00000000000003
170	4	कढाई	0.09813	51.0
170	5	बड़ी	0.64426	51.0
170	6	सावधानी	1.07756	395.92912833426476
170	7	से	0.01503	123.30855296529046
170	8	पकड़ी	1.36371	697.1963600849622
170	9	थी	0.00268	123.30855296529035
170	10	इस	0.31283	244.57055928758768
170	11	मोहल्ले	0.17638	353.92614755459067
170	12	में	0.15777	145.6171059305807
170	13	एक	0.57112	300.6896972323166
170	14	नई	0.24684	484.8547453555434
170	15	दुकान	0.20861	674.3075366338671
170	16	खोल	0.64474	458.86844932454323
170	17	रहा	0.21169	145.6171059305807
170	18	है	0.18768	298.1699580311133
170	19	।	0.37742	382.63703051936227
172	1	वह	0.00070	51.0
172	2	हलवाई	0.19432	174.30855296529043
172	3	जिसने	0.00975	51.00000000000003
172	4	बड़ी	0.09683	51.0
172	5	सावधानी	0.96159	196.6171059305808
172	6	से	0.01503	123.30855296529046
172	7	पकड़ी	1.36371	669.5958665535985
172	8	थी	0.00268	123.30855296529035
172	9	कढाई	0.06981	244.57055928758768
172	10	इस	0.49073	286.28409836972696
172	11	मोहल्ले	0.16733	408.5300900221796
172	12	में	0.15777	145.6171059305807
172	13	एक	0.57112	316.1716619159506
172	14	नई	0.24684	402.8879546738508
172	15	दुकान	0.20861	713.7556914421093
172	16	खोल	0.64474	641.739762350905
172	17	रहा	0.21169	145.6171059305807
172	18	है	0.18768	298.1699580311133
172	19	।	0.37742	395.52291027967203
174	1	वह	0.00054	51.0
174	2	कढाई	0.83343	224.30855296529046
174	3	जिसको	0.22645	145.6171059305808
174	4	उस	0.27753	200.05665267703773
174	5	हलवाई	0.24467	217.02091398756863
174	6	ने	0.17273	123.30855296529046
174	7	बड़ी	0.58660	291.37532636599474
174	8	सावधानी	0.29224	356.164364463963
174	9	से	0.17352	145.61710593058092
174	10	पकड़ा	0.66912	453.2501468181424
174	11	था	0.10021	123.30855296529035
174	12	असली	0.58173	494.48762804362104
174	13	पीतल	0.23480	633.5355704573599
174	14	से	0.17352	167.92565889587104
174	15	बनी	0.66810	755.6346893604277
174	16	है	0.06476	145.6171059305807
174	17	।	0.70021	408.30319355926895
176	1	वह	0.00054	51.0
176	2	कढाई	0.83343	224.30855296529046
176	3	जिसको	0.22645	145.6171059305808
176	4	बड़ी	0.22842	200.05665267703773
176	5	सावधानी	0.26099	217.02091398756863
176	6	से	0.17352	123.30855296529046
176	7	पकड़ा	0.66912	381.75065273198913
176	8	था	0.10021	123.30855296529035
176	9	उस	0.63515	315.43863590465617
176	10	हलवाई	0.22438	401.4908943999119
176	11	ने	0.17273	145.6171059305807
176	12	असली	0.58641	494.3473053161779
176	13	पीतल	0.29200	633.3307722636482
176	14	से	0.17352	167.9256588958715
176	15	बनी	0.66810	755.4403029016075
176	16	है	0.06476	145.6171059305807
176	17	।	0.70021	408.24083293132753
178	1	वह	0.00070	51.0
178	2	कुली	0.99286	174.30855296529043
178	3	जिसने	0.01480	51.00000000000003
178	4	बड़ी	0.13762	51.0
178	5	अटैची	1.41981	322.1980044095982
178	6	एक	0.03083	51.0
178	7	झटके	0.59119	196.6171059305808
178	8	में	0.01394	123.30855296529046
178	9	उठा	1.49528	687.7795920736703
178	10	ली	0.00296	123.30855296529035
178	11	थी	0.03712	244.5705592875879
178	12	रात	0.14369	353.92614755459044
178	13	में	0.24056	145.6171059305807
178	14	टैक्सी	0.48172	599.7587889292663
178	15	चलाता	0.84024	398.40839034019064
178	16	है	0.13771	167.92565889587104
178	17	।	0.37634	347.00369560475383
180	1	वह	0.00070	51.0
180	2	कुली	0.99286	174.30855296529043
180	3	जिसने	0.01480	51.00000000000003
180	4	एक	0.07602	51.0
180	5	झटके	1.01421	174.30855296529046
180	6	में	0.01349	123.30855296529046
180	7	उठा	1.50691	666.9031391437949
180	8	ली	0.00296	123.30855296529035
180	9	थी	0.03712	244.57055928758768
180	10	बड़ी	0.15809	218.64204918486348
180	11	अटैची	0.18281	314.81714149008235
180	12	रात	0.64771	447.6980765456897
180	13	में	0.22899	145.6171059305807
180	14	टैक्सी	0.49810	707.8920747800257
180	15	चलाता	0.84024	450.8573590059227
180	16	है	0.13771	167.9256588958715
180	17	।	0.37634	371.3078715775291
182	1	वह	0.00054	51.0
182	2	बड़ी	0.02729	51.0
182	3	अटैची	0.35813	174.30855296529046
182	4	जिसको	0.01739	51.0
182	5	उस	0.02457	51.0
182	6	कुली	0.64455	196.6171059305808
182	7	ने	0.01598	123.30855296529046
182	8	एक	0.01748	101.0
182	9	झटके	0.41592	218.92565889587127
182	10	में	0.01394	145.6171059305808
182	11	उठा	2.13699	1169.421205118251
182	12	लिया	0.00293	123.30855296529035
182	13	था	0.03731	244.5705592875879
182	14	ट्रेन	0.14361	421.5681967394539
182	15	में	0.24101	167.9256588958715
182	16	गुम	0.41529	408.9980536731159
182	17	हो	0.30969	390.3240135783549
182	18	गयी	0.12097	167.9256588958715
182	19	।	0.53535	343.31815626384923
184	1	वह	0.00054	51.0
184	2	बड़ी	0.02729	51.0
184	3	अटैची	0.35813	174.30855296529046
184	4	जिसको	0.01739	51.0
184	5	एक	0.05402	51.0
184	6	झटके	0.77064	196.6171059305808
184	7	में	0.01349	123.30855296529046
184	8	उठा	1.89924	881.7806862098915
184	9	लिया	0.00293	123.30855296529035
184	10	था	0.03731	244.57055928758768
184	11	उस	0.22417	218.6420491848637
184	12	कुली	0.17229	396.7257122351234
184	13	ने	0.17273	145.6171059305807
184	14	ट्रेन	0.64697	648.021295045331
184	15	में	0.11091	167.9256588958715
184	16	गुम	0.70009	487.0173373623552
184	17	हो	0.30969	465.42652865424907
184	18	गयी	0.12097	167.9256588958715
184	19	।	0.53535	378.1562657323875
186	1	वह	0.00070	51.0
186	2	अध्यापक	0.19439	174.30855296529043
186	3	जिसने	0.00975	51.00000000000003
186	4	किताबें	1.09319	196.6171059305808
186	5	पिछले	0.04532	51.0
186	6	साल	0.61588	218.92565889587127
186	7	गर्मियों	0.92255	51.0
186	8	में	0.01175	123.30855296529046
186	9	बेचीं	1.49870	870.1184447347431
186	10	थीं	0.00274	123.30855296529035
186	11	बरेली	0.09496	197.78527964379373
186	12	का	0.74630	145.6171059305807
186	13	रहनेवाला	0.25358	356.2776516929043
186	14	है	0.22916	167.92565889587104
186	15	।	0.67543	306.5608938345672
188	1	वह	0.00070	51.0
188	2	अध्यापक	0.19439	174.30855296529043
188	3	जिसने	0.00975	51.00000000000003
188	4	पिछले	0.09418	51.0
188	5	साल	0.94369	196.6171059305808
188	6	गर्मियों	0.89583	51.0
188	7	में	0.01175	123.30855296529046
188	8	बेचीं	1.56559	858.936961974512
188	9	थीं	0.00274	123.30855296529035
188	10	किताबें	0.14260	338.14111857517537
188	11	बरेली	0.51165	225.08463517553196
188	12	का	0.71568	145.6171059305807
188	13	रहनेवाला	0.26353	396.896425828445
188	14	है	0.22916	167.92565889587104
188	15	।	0.67543	323.90458176841184
190	1	वह	0.00070	51.0
190	2	किताबें	0.19431	174.30855296529043
190	3	जिनको	0.00976	51.00000000000003
190	4	उस	0.02458	51.0
190	5	अध्यापक	0.64456	196.6171059305808
190	6	ने	0.01597	123.30855296529046
190	7	पिछले	0.03212	101.0
190	8	साल	0.48313	218.92565889587127
190	9	गर्मियों	0.92255	51.0
190	10	में	0.01175	145.6171059305808
190	11	बेचा	1.80365	1125.9277263327288
190	12	था	0.00266	123.30855296529035
190	13	पुरानी	0.15508	244.57055928758746
190	14	हो	0.17251	286.28409836972696
190	15	रहीं	0.13795	145.6171059305807
190	16	थीं	0.16896	298.1699580311133
190	17	।	0.53718	311.39741052634827
192	1	वह	0.00070	51.0
192	2	किताबें	0.19431	174.30855296529043
192	3	जिनको	0.00976	51.00000000000003
192	4	पिछले	0.09429	51.0
192	5	साल	0.94448	196.6171059305808
192	6	गर्मियों	0.89583	51.0
192	7	में	0.01175	123.30855296529046
192	8	बेचा	1.56496	858.936961974512
192	9	था	0.00266	123.30855296529035
192	10	उस	0.22282	244.57055928758768
192	11	अध्यापक	0.17294	421.5681967394539
192	12	ने	0.17274	145.6171059305807
192	13	पुरानी	0.55129	406.89419421075036
192	14	हो	0.31057	388.32486653772594
192	15	रहीं	0.13795	145.6171059305807
192	16	थीं	0.16896	298.1699580311133
192	17	।	0.53718	351.6275386497982
