item	roi	word	surprisal	retrieval
2	1	वह	0.00071	51.0
2	2	लड़का	0.20139	174.30855296529043
2	3	जिसने	0.00893	51.00000000000003
2	4	किताब	1.16949	196.6171059305808
2	5	बहुत	0.04601	51.0
2	6	दिलचस्पी	0.59214	218.92565889587127
2	7	से	0.01315	123.30855296529046
2	8	पढ़ी	1.23694	682.1097982404541
2	9	थी	0.00221	123.30855296529035
2	10	मेरा	0.19699	244.57055928758768
2	11	दोस्त	0.17546	421.5681967394539
2	12	है।	0.56791	244.21599200755873
4	1	वह	0.00071	51.0
4	2	लड़का	0.20139	174.30855296529043
4	3	जिसने	0.00893	51.00000000000003
4	4	बहुत	0.07137	51.0
4	5	दिलचस्पी	0.87761	196.6171059305808
4	6	से	0.01281	123.30855296529046
4	7	पढ़ी	1.29850	669.5958665535985
4	8	थी	0.00221	123.30855296529035
4	9	किताब	0.12832	291.3558389313814
4	10	मेरा	0.48134	292.8730417452109
4	11	दोस्त	0.17900	506.300951046165
4	12	है।	0.56791	264.271982043339
6	1	वह	0.00071	51.0
6	2	किताब	0.20149	174.30855296529043
6	3	जिसको	0.00893	51.00000000000003
6	4	उस	0.02087	51.0
6	5	लड़के	0.65505	196.6171059305808
6	6	ने	0.01345	123.30855296529046
6	7	बहुत	0.03389	101.0
6	8	दिलचस्पी	0.50497	218.92565889587127
6	9	से	0.01315	145.6171059305808
6	10	पढ़ा	1.55801	929.0068749927816
6	11	था	0.00219	123.30855296529035
6	12	बहुत	0.10175	197.78527964379373
6	13	मोटी	0.17535	215.17868526501115
6	14	है।	0.18531	229.858571896822
8	1	वह	0.00071	51.0
8	2	किताब	0.20149	174.30855296529043
8	3	जिसको	0.00893	51.00000000000003
8	4	बहुत	0.07143	51.0
8	5	दिलचस्पी	0.87817	196.6171059305808
8	6	से	0.01281	123.30855296529046
8	7	पढ़ा	1.29679	669.5958665535985
8	8	था	0.00219	123.30855296529035
8	9	उस	0.20965	244.57055928758768
8	10	लड़के	0.16060	353.92614755459044
8	11	ने	0.16332	145.6171059305807
8	12	बहुत	0.56888	400.37939446463315
8	13	मोटी	0.23319	266.5730541959656
8	14	है।	0.18848	277.3266459126635
10	1	वह	0.00071	51.0
10	2	बच्चा	0.20119	174.30855296529043
10	3	जिसने	0.00895	51.00000000000003
10	4	रोटी	1.17027	196.6171059305808
10	5	बहुत	0.04599	51.0
10	6	जल्दी	0.85671	51.0
10	7	से	0.69244	51.0
10	8	खायी	1.24917	920.6942901181019
10	9	थी	0.00320	123.30855296529035
10	10	मेरा	0.21364	244.57055928758768
10	11	भतीजा	0.22636	353.92614755459044
10	12	है।	0.59136	240.60553608901955
12	1	वह	0.00071	51.0
12	2	बच्चा	0.20119	174.30855296529043
12	3	जिसने	0.00895	51.00000000000003
12	4	बहुत	0.07137	51.0
12	5	जल्दी	0.64123	51.0
12	6	से	0.69244	51.0
12	7	खायी	1.28106	910.8207512500302
12	8	थी	0.00320	123.30855296529035
12	9	रोटी	0.17907	244.57055928758768
12	10	मेरा	0.49800	286.28409836972696
12	11	भतीजा	0.22990	408.5300900221798
12	12	है।	0.59136	257.56278934042484
14	1	वह	0.00071	51.0
14	2	रोटी	0.20158	174.30855296529043
14	3	जिसको	0.00893	51.00000000000003
14	4	उस	0.02087	51.0
14	5	बच्चे	0.65814	196.6171059305808
14	6	ने	0.01344	123.30855296529046
14	7	बहुत	0.03403	101.0
14	8	जल्दी	0.50204	51.0
14	9	से	0.69244	51.0
14	10	खाया	1.44853	1161.7183570016923
14	11	था	0.00317	123.30855296529035
14	12	दो	0.18429	197.78527964379373
14	13	दिन	0.21286	343.5360557950344
14	14	पुरानी	0.58901	237.43621723153638
14	15	है।	0.17392	249.93525798540577
16	1	वह	0.00071	51.0
16	2	रोटी	0.20158	174.30855296529043
16	3	जिसको	0.00893	51.00000000000003
16	4	बहुत	0.07143	51.0
16	5	जल्दी	0.64123	51.0
16	6	से	0.69244	51.0
16	7	खाया	1.28116	910.8207512500302
16	8	था	0.00317	123.30855296529035
16	9	उस	0.22087	244.57055928758768
16	10	बच्चे	0.21117	286.28409836972696
16	11	ने	0.16322	123.30855296529057
16	12	दो	0.60649	296.1854709795084
16	13	दिन	0.26223	472.19083648435617
16	14	पुरानी	0.58901	277.76900469345037
16	15	है।	0.17392	288.04351213643304
18	1	वह	0.00071	51.0
18	2	आदमी	0.20192	174.30855296529043
18	3	जिसने	0.00896	51.00000000000003
18	4	सब्जीयाँ	1.17086	196.6171059305808
18	5	धीरे-धीरे	0.09735	51.0
18	6	चुनी	0.95149	551.0316642945904
18	7	थीं	0.00346	123.30855296529035
18	8	मेरे	0.22392	244.57055928758768
18	9	मुहल्ले	0.23578	353.92614755459044
18	10	में	0.14898	123.30855296529035
18	11	रहता	0.71417	398.1835992545366
18	12	है।	0.79093	265.5338854803754
20	1	वह	0.00071	51.0
20	2	आदमी	0.20192	174.30855296529043
20	3	जिसने	0.00896	51.00000000000003
20	4	धीरे-धीरे	0.14371	51.0
20	5	चुनी	0.99632	537.5364587679538
20	6	थीं	0.00346	123.30855296529046
20	7	सब्जीयाँ	0.18865	244.5705592875878
20	8	मेरे	0.50795	286.28409836972696
20	9	मुहल्ले	0.23931	408.5300900221798
20	10	में	0.14898	123.30855296529035
20	11	रहता	0.71417	429.44534513055487
20	12	है।	0.79093	280.4200421517917
22	1	वह	0.00071	51.0
22	2	सब्जीयाँ	0.20154	174.30855296529043
22	3	जिनको	0.00893	51.00000000000003
22	4	उस	0.02087	51.0
22	5	आदमी	0.65378	196.6171059305808
22	6	ने	0.01345	123.30855296529046
22	7	धीरे-धीरे	0.07217	101.0
22	8	चुना	1.17949	779.8074791568455
22	9	था	0.00335	123.30855296529035
22	10	बहुत	0.14205	197.78527964379396
22	11	महंगी	0.21797	215.1786852650116
22	12	हैं।	0.42345	308.717143793644
24	1	वह	0.00071	51.0
24	2	सब्जीयाँ	0.20154	174.30855296529043
24	3	जिनको	0.00893	51.00000000000003
24	4	धीरे-धीरे	0.14385	51.0
24	5	चुना	0.99341	537.5364587679538
24	6	था	0.00335	123.30855296529046
24	7	उस	0.23124	244.5705592875878
24	8	आदमी	0.22103	286.28409836972696
24	9	ने	0.16311	123.30855296529035
24	10	बहुत	0.62796	296.1854709795084
24	11	महंगी	0.27065	258.06361216145183
24	12	हैं।	0.42345	387.4814603019704
26	1	वह	0.00071	51.0
26	2	बच्ची	0.20169	174.30855296529043
26	3	जिसने	0.00892	51.00000000000003
26	4	मिठाई	0.07692	51.0
26	5	आराम	0.92618	196.6171059305808
26	6	से	0.01338	123.30855296529046
26	7	खायी	1.28637	669.5958665535985
26	8	थी	0.00221	123.30855296529035
26	9	मेरी	0.19706	244.57055928758768
26	10	बहन	0.17539	353.92614755459044
26	11	है।	0.56828	240.60553608901955
28	1	वह	0.00071	51.0
28	2	बच्ची	0.20169	174.30855296529043
28	3	जिसने	0.00892	51.00000000000003
28	4	आराम	1.17045	196.6171059305808
28	5	से	0.01315	123.30855296529046
28	6	खायी	1.01659	477.54969187468475
28	7	थी	0.00221	123.30855296529035
28	8	मिठाई	0.12823	291.3558389313814
28	9	मेरी	0.48134	292.8730417452109
28	10	बहन	0.17893	506.3009510461645
28	11	है।	0.56828	264.271982043339
30	1	वह	0.00071	51.0
30	2	मिठाई	0.20173	174.30855296529043
30	3	जिसको	0.00893	51.00000000000003
30	4	उस	0.02087	51.0
30	5	बच्ची	0.65471	196.6171059305808
30	6	ने	0.01344	123.30855296529046
30	7	आराम	0.67574	101.0
30	8	से	0.01410	145.6171059305808
30	9	खाया	1.56853	895.6554648046501
30	10	था	0.00219	123.30855296529035
30	11	बहुत	0.10180	197.78527964379396
30	12	मीठी	0.17552	215.17868526501115
30	13	होती	0.22585	308.717143793644
30	14	है।	0.61355	247.07922868292553
32	1	वह	0.00071	51.0
32	2	मिठाई	0.20173	174.30855296529043
32	3	जिसको	0.00893	51.00000000000003
32	4	आराम	1.16989	196.6171059305808
32	5	से	0.01315	123.30855296529046
32	6	खाया	1.01627	477.54969187468475
32	7	था	0.00219	123.30855296529035
32	8	उस	0.20978	244.57055928758768
32	9	बच्ची	0.16068	353.92614755459044
32	10	ने	0.16322	145.61710593058092
32	11	बहुत	0.58744	300.6896972323168
32	12	मीठी	0.22821	262.2849151185146
32	13	होती	0.22585	395.48949380375825
32	14	है।	0.61355	288.1242851889965
34	1	वह	0.00071	51.0
34	2	औरत	0.20173	174.30855296529043
34	3	जिसने	0.00892	51.00000000000003
34	4	नाव	1.17051	196.6171059305808
34	5	पिछले	0.04424	51.0
34	6	हफ्ते	0.65226	218.92565889587127
34	7	खरीदी	1.22938	583.6876736463319
34	8	थी	0.00454	123.30855296529035
34	9	इस	0.30127	244.57055928758768
34	10	गाँव	0.28168	421.5681967394537
34	11	की	0.14020	123.30855296529035
34	12	सरपंच	0.78278	710.4215352214715
34	13	है।	0.80747	280.71114307772314
36	1	वह	0.00071	51.0
36	2	औरत	0.20173	174.30855296529043
36	3	जिसने	0.00892	51.00000000000003
36	4	पिछले	0.08825	51.0
36	5	हफ्ते	0.96335	196.6171059305808
36	6	खरीदी	1.29103	569.3836828871933
36	7	थी	0.00454	123.30855296529035
36	8	नाव	0.24534	291.35583893138164
36	9	इस	0.58515	292.8730417452109
36	10	गाँव	0.28457	506.3009510461645
36	11	की	0.14020	123.30855296529035
36	12	सरपंच	0.78278	803.5307621186103
36	13	है।	0.80747	298.90160896982616
38	1	वह	0.00071	51.0
38	2	नाव	0.20195	174.30855296529043
38	3	जिसको	0.00895	51.00000000000003
38	4	उस	0.02087	51.0
38	5	औरत	0.65454	196.6171059305808
38	6	ने	0.01345	123.30855296529046
38	7	पिछले	0.03238	101.0
38	8	हफ्ते	0.52696	218.92565889587127
38	9	खरीदा	1.54982	818.3488258654837
38	10	था	0.00449	123.30855296529035
38	11	बहुत	0.18074	197.78527964379373
38	12	प्रसिद्ध	0.25955	279.35737053002276
38	13	है।	0.23979	233.7341948981907
40	1	वह	0.00071	51.0
40	2	नाव	0.20195	174.30855296529043
40	3	जिसको	0.00895	51.00000000000003
40	4	पिछले	0.08833	51.0
40	5	हफ्ते	0.96398	196.6171059305808
40	6	खरीदा	1.28902	569.3836828871933
40	7	था	0.00449	123.30855296529035
40	8	उस	0.25628	244.57055928758768
40	9	औरत	0.27769	353.92614755459044
40	10	ने	0.16328	123.30855296529035
40	11	बहुत	0.65294	299.59179962726853
40	12	﻿प्रसिद्ध	0.31744	371.5078318445426
40	13	है।	0.24293	276.6232382863559
42	1	वह	0.00071	51.0
42	2	लड़की	0.20150	174.30855296529043
42	3	जिसने	0.00893	51.00000000000003
42	4	कविता	1.17029	196.6171059305808
42	5	सारे	0.04724	51.0
42	6	लोगो	0.58727	218.92565889587127
42	7	के	0.00897	123.30855296529046
42	8	सामने	0.15843	197.78527964379384
42	9	गायी	1.24424	722.150665217393
42	10	थी	0.00334	123.30855296529035
42	11	बहुत	0.14075	197.78527964379396
42	12	गरीब	0.21690	215.17868526501115
42	13	है।	0.21225	229.858571896822
44	1	वह	0.00071	51.0
44	2	लड़की	0.20150	174.30855296529043
44	3	जिसने	0.00893	51.00000000000003
44	4	सारे	0.07308	51.0
44	5	लोगो	0.86915	196.6171059305808
44	6	के	0.00873	123.30855296529046
44	7	सामने	0.15528	197.78527964379384
44	8	गायी	1.30608	710.9635999683162
44	9	थी	0.00334	123.30855296529035
44	10	कविता	0.18623	291.3558389313814
44	11	बहुत	0.46383	221.93652087260534
44	12	गरीब	0.21968	235.83929199468594
44	13	है।	0.21225	248.46326420357445
46	1	वह	0.00071	51.0
46	2	कविता	0.20180	174.30855296529043
46	3	जिसको	0.00895	51.00000000000003
46	4	उस	0.02087	51.0
46	5	लड़की	0.65510	196.6171059305808
46	6	ने	0.01344	123.30855296529046
46	7	सारे	0.03474	101.0
46	8	लोगो	0.50327	218.92565889587127
46	9	के	0.00897	145.6171059305808
46	10	सामने	0.15843	200.05665267703785
46	11	गाया	1.56579	975.657032594399
46	12	था	0.00331	123.30855296529035
46	13	काफी	0.17611	244.57055928758746
46	14	पुरानी	0.21853	218.64204918486348
46	15	है।	0.21555	232.90857074504083
48	1	वह	0.00071	51.0
48	2	कविता	0.20180	174.30855296529043
48	3	जिसको	0.00895	51.00000000000003
48	4	सारे	0.07314	51.0
48	5	लोगो	0.86971	196.6171059305808
48	6	के	0.00873	123.30855296529046
48	7	सामने	0.15528	197.78527964379384
48	8	गाया	1.30494	710.9635999683162
48	9	था	0.00331	123.30855296529035
48	10	उस	0.23243	244.57055928758768
48	11	लड़की	0.21866	353.92614755459044
48	12	ने	0.16316	145.6171059305807
48	13	काफी	0.61032	400.37939446463315
48	14	पुरानी	0.27381	266.5730541959656
48	15	है।	0.21555	277.3266459126635
50	1	वह	0.00071	51.0
50	2	आदमी	0.20192	174.30855296529043
50	3	जिसने	0.00896	51.00000000000003
50	4	स्कूटर	1.17145	196.6171059305808
50	5	बड़ी	0.04535	51.0
50	6	मेहनत	0.65965	218.92565889587127
50	7	से	0.01303	123.30855296529046
50	8	साफ	0.05122	101.0
50	9	की	0.59936	791.1282726796868
50	10	थी	0.00304	123.30855296529035
50	11	पुराना	0.16090	291.3558389313814
50	12	कर्मचारी	0.21413	434.7460834904218
50	13	है।	0.58705	247.30346648934164
52	1	वह	0.00071	51.0
52	2	आदमी	0.20192	174.30855296529043
52	3	जिसने	0.00896	51.00000000000003
52	4	बड़ी	0.09072	51.0
52	5	मेहनत	0.97552	196.6171059305808
52	6	से	0.01270	123.30855296529046
52	7	साफ	0.05091	101.0
52	8	की	0.62676	779.8074791568455
52	9	थी	0.00304	123.30855296529035
52	10	स्कूटर	0.17069	291.3558389313814
52	11	पुराना	0.43536	363.8095626178165
52	12	कर्मचारी	0.21751	521.5593665933498
52	13	है।	0.58705	267.92585249531294
54	1	वह	0.00071	51.0
54	2	स्कूटर	0.20177	174.30855296529043
54	3	जिसको	0.00893	51.00000000000003
54	4	उस	0.02087	51.0
54	5	आदमी	0.65373	196.6171059305808
54	6	ने	0.01345	123.30855296529046
54	7	बड़ी	0.03343	101.0
54	8	मेहनत	0.53502	218.92565889587127
54	9	से	0.01303	145.6171059305808
54	10	साफ	0.05122	101.0
54	11	किया	0.80005	1043.4003499724124
54	12	था	0.00246	123.30855296529035
54	13	बैटरी	0.14224	338.14111857517537
54	14	से	0.25266	167.92565889587104
54	15	चलती	0.46724	375.52919052226844
54	16	है।	0.80715	254.88315466275571
56	1	वह	0.00071	51.0
56	2	स्कूटर	0.20177	174.30855296529043
56	3	जिसको	0.00893	51.00000000000003
56	4	बड़ी	0.09080	51.0
56	5	मेहनत	0.97616	196.6171059305808
56	6	से	0.01270	123.30855296529046
56	7	साफ	0.05091	101.0
56	8	किया	0.69147	779.8074791568455
56	9	था	0.00246	123.30855296529035
56	10	उस	0.18192	244.57055928758768
56	11	आदमी	0.17480	353.92614755459044
56	12	ने	0.16311	145.6171059305807
56	13	बैटरी	0.67917	599.7587889292663
56	14	से	0.11555	167.9256588958715
56	15	चलती	0.86522	465.0401811821748
56	16	है।	0.80715	297.5584407646338
58	1	वह	0.00054	51.0
58	2	माली	0.11968	51.0
58	3	जिसने	0.02160	51.0
58	4	लकड़ी	1.24746	174.30855296529046
58	5	बहुत	0.05304	51.0
58	6	दिलचस्पी	0.65896	196.6171059305808
58	7	से	0.01315	123.30855296529046
58	8	रखी	1.95785	891.0763954038933
58	9	थी	0.00220	123.30855296529035
58	10	बहुत	0.10146	197.78527964379396
58	11	बूढ़ा	0.17496	215.1786852650116
58	12	है।	0.18512	229.858571896822
60	1	वह	0.00071	51.0
60	2	माली	0.20177	174.30855296529043
60	3	जिसने	0.00893	51.00000000000003
60	4	बहुत	0.07137	51.0
60	5	दिलचस्पी	0.87761	196.6171059305808
60	6	से	0.01281	123.30855296529046
60	7	रखी	1.27921	669.5958665535985
60	8	थी	0.00220	123.30855296529035
60	9	लकड़ी	0.12767	291.3558389313814
60	10	बहुत	0.42439	221.93652087260534
60	11	बूढ़ा	0.17774	235.83929199468594
60	12	है।	0.18512	248.46326420357445
62	1	वह	0.00071	51.0
62	2	लकड़ी	0.20183	174.30855296529043
62	3	जिसको	0.00894	51.00000000000003
62	4	उस	0.02087	51.0
62	5	माली	0.65438	196.6171059305808
62	6	ने	0.01345	123.30855296529046
62	7	बहुत	0.03391	101.0
62	8	दिलचस्पी	0.50510	218.92565889587127
62	9	से	0.01315	145.6171059305808
62	10	रखा	1.51173	929.0068749927816
62	11	था	0.00218	123.30855296529035
62	12	बहुत	0.10121	197.78527964379373
62	13	विचित्र	0.17467	215.17868526501115
62	14	है।	0.18502	229.858571896822
64	1	वह	0.00071	51.0
64	2	लकड़ी	0.20183	174.30855296529043
64	3	जिसको	0.00894	51.00000000000003
64	4	बहुत	0.07143	51.0
64	5	दिलचस्पी	0.87817	196.6171059305808
64	6	से	0.01281	123.30855296529046
64	7	रखा	1.25915	669.5958665535985
64	8	था	0.00218	123.30855296529035
64	9	उस	0.20861	244.57055928758768
64	10	माली	0.15995	353.92614755459044
64	11	ने	0.16328	145.6171059305807
64	12	बहुत	0.58669	300.6896972323166
64	13	विचित्र	0.22736	262.2849151185146
64	14	है।	0.18502	273.2447469018789
66	1	वह	0.00071	51.0
66	2	किसान	0.20315	174.30855296529043
66	3	जिसने	0.00892	51.00000000000003
66	4	फसल	1.17007	196.6171059305808
66	5	कल	0.86045	51.0
66	6	सुबाह	0.01288	51.0
66	7	मैदान	2.75542	977.3233425373048
66	8	में	0.00997	123.30855296529035
66	9	काटी	1.03643	528.5471817679058
66	10	थी	0.00221	123.30855296529035
66	11	बहुत	0.10184	197.78527964379373
66	12	मेहनती	0.17537	215.1786852650116
66	13	है।	0.18541	229.858571896822
68	1	वह	0.00071	51.0
68	2	किसान	0.20315	174.30855296529043
68	3	जिसने	0.00892	51.00000000000003
68	4	कल	1.17354	196.6171059305808
68	5	सुबाह	0.00882	51.0
68	6	मैदान	2.09993	473.89336966741007
68	7	में	0.00997	123.30855296529035
68	8	काटी	1.03643	505.47043762533826
68	9	थी	0.00221	123.30855296529035
68	10	फसल	0.12819	338.14111857517514
68	11	बहुत	0.42483	225.08463517553218
68	12	मेहनती	0.17815	238.66395369032534
68	13	है।	0.18541	251.06955070433378
70	1	वह	0.00071	51.0
70	2	फसल	0.20188	174.30855296529043
70	3	जिसको	0.00892	51.00000000000003
70	4	उस	0.02087	51.0
70	5	किसान	0.64982	196.6171059305808
70	6	ने	0.01345	123.30855296529046
70	7	कल	0.66988	101.0
70	8	सुबाह	0.00648	51.0
70	9	मैदान	3.62746	1608.4245664140503
70	10	में	0.00997	145.6171059305807
70	11	काटा	1.03576	560.6971283076095
70	12	था	0.00219	123.30855296529035
70	13	काफी	0.13470	197.78527964379373
70	14	महंगी	0.17755	215.17868526501115
70	15	है।	0.18851	229.858571896822
72	1	वह	0.00071	51.0
72	2	फसल	0.20188	174.30855296529043
72	3	जिसको	0.00892	51.00000000000003
72	4	कल	1.17301	196.6171059305808
72	5	सुबाह	0.00882	51.0
72	6	मैदान	2.10004	473.89336966741007
72	7	में	0.00997	123.30855296529035
72	8	काटा	1.03576	505.47043762533826
72	9	था	0.00219	123.30855296529035
72	10	उस	0.20963	244.57055928758768
72	11	किसान	0.16078	421.5681967394539
72	12	ने	0.16296	145.6171059305807
72	13	काफी	0.56941	303.9470971053752
72	14	महंगी	0.23275	265.35116078800047
72	15	है।	0.18851	276.16211497397035
74	1	वह	0.00054	51.0
74	2	टी-टी	0.11972	51.0
74	3	जिसने	0.02160	51.0
74	4	सिगरेट	0.11409	51.0
74	5	वेटिंग	0.30473	51.0
74	6	रूम	2.02515	487.53645876795383
74	7	के	0.00980	123.30855296529046
74	8	सामने	0.15158	197.78527964379396
74	9	मांगी	1.73915	748.1892811228843
74	10	थी	0.00333	123.30855296529035
74	11	मेरी	0.22354	291.3558389313814
74	12	मौसी	0.23268	292.8730417452107
74	13	का	0.14965	145.6171059305807
74	14	रिशतेदार	0.72163	497.9667632897358
74	15	है।	0.77936	270.03858646031676
76	1	वह	0.00054	51.0
76	2	टी-टी	0.11972	51.0
76	3	जिसने	0.02160	51.0
76	4	वेटिंग	0.11392	51.0
76	5	रूम	1.77910	322.1980044095982
76	6	के	0.00980	123.30855296529046
76	7	सामने	0.15158	197.78527964379384
76	8	मांगी	1.73915	728.5362332349608
76	9	थी	0.00333	123.30855296529035
76	10	सिगरेट	0.18544	244.57055928758768
76	11	मेरी	0.50783	353.92614755459044
76	12	मौसी	0.23621	419.8166082670591
76	13	का	0.14965	145.6171059305807
76	14	रिशतेदार	0.72163	674.872854122053
76	15	है।	0.77936	292.8886632855251
78	1	वह	0.00071	51.0
78	2	सिगरेट	0.20153	174.30855296529043
78	3	जिसको	0.00894	51.00000000000003
78	4	उस	0.02087	51.0
78	5	टी-टी	0.69582	174.30855296529046
78	6	ने	0.02910	123.30855296529046
78	7	वेटिंग	0.04057	101.0
78	8	रूम	0.63133	196.6171059305808
78	9	के	0.00980	145.61710593058092
78	10	सामने	0.15158	200.05665267703785
78	11	मांगा	1.71165	970.9549839473948
78	12	था	0.00329	123.30855296529035
78	13	विलायत	0.18544	291.35583893138164
78	14	से	0.25266	167.9256588958715
78	15	आती	0.48687	370.2166234210749
78	16	है।	0.82808	252.406731568346
80	1	वह	0.00071	51.0
80	2	सिगरेट	0.20153	174.30855296529043
80	3	जिसको	0.00894	51.00000000000003
80	4	वेटिंग	0.07699	51.0
80	5	रूम	0.92836	196.6171059305808
80	6	के	0.00927	123.30855296529046
80	7	सामने	0.15117	197.78527964379384
80	8	मांगा	1.26466	710.9635999683162
80	9	था	0.00329	123.30855296529035
80	10	उस	0.23149	244.57055928758768
80	11	टी-टी	0.17741	218.64204918486348
80	12	ने	0.52379	145.6171059305807
80	13	विलायत	0.39004	479.4978965480559
80	14	से	0.11555	167.9256588958715
80	15	आती	0.88434	445.42281790589686
80	16	है।	0.82808	288.0921926319893
82	1	वह	0.00054	51.0
82	2	बढ़ई	0.75438	224.30855296529046
82	3	जिसने	0.20923	145.6171059305808
82	4	अलमारी	0.21060	200.05665267703773
82	5	नीम	0.71156	283.0418279751374
82	6	के	0.19965	123.30855296529035
82	7	पेड़	0.55796	482.6159493843909
82	8	के	0.09645	145.61710593058092
82	9	नीचे	0.38014	200.05665267703785
82	10	बनायी	0.88856	460.95861220714687
82	11	थी	0.12901	123.30855296529035
82	12	यहाँ	0.50099	651.9595178032673
82	13	कई	0.22347	319.7309539246585
82	14	सालों	0.22885	861.9447721712245
82	15	से	0.17098	167.9256588958715
82	16	काम	0.69343	1227.2530947751657
82	17	कर	0.95449	845.6523465086539
82	18	रहा	0.14302	145.6171059305807
82	19	है।	0.56226	453.5405876156374
84	1	वह	0.00054	51.0
84	2	बढ़ई	0.75438	224.30855296529046
84	3	जिसने	0.20923	145.6171059305808
84	4	नीम	0.21061	200.05665267703773
84	5	के	0.13831	123.30855296529046
84	6	पेड़	0.71156	356.5628739731528
84	7	के	0.09645	145.61710593058092
84	8	नीचे	0.38014	200.05665267703785
84	9	बनायी	0.88856	428.17890196136955
84	10	थी	0.12901	123.30855296529035
84	11	अलमारी	0.42321	606.6564049991659
84	12	यहाँ	0.49953	613.0012200705542
84	13	कई	0.22719	323.33094283029004
84	14	सालों	0.22885	876.0169985204998
84	15	से	0.17098	167.9256588958715
84	16	काम	0.69343	1244.1692790786738
84	17	कर	0.95449	855.7197733524608
84	18	रहा	0.14302	145.6171059305807
84	19	है।	0.56226	456.81307793659835
86	1	वह	0.00054	51.0
86	2	अलमारी	0.75410	224.30855296529046
86	3	जिसको	0.20924	145.6171059305808
86	4	उस	0.26311	200.05665267703773
86	5	बढ़ई	0.22969	217.02091398756863
86	6	ने	0.16327	123.30855296529046
86	7	नीम	0.71185	381.75065273198913
86	8	के	0.09648	145.61710593058092
86	9	पेड़	0.90408	547.1575472443346
86	10	के	0.09645	167.9256588958715
86	11	नीचे	0.38014	202.2274140710133
86	12	बनाया	0.88983	499.43092771761167
86	13	था	0.12714	123.30855296529035
86	14	लकड़ी	0.42442	874.4046246615617
86	15	की	0.54704	723.2602888202878
86	16	है।	0.47276	359.4337706764536
88	1	वह	0.00054	51.0
88	2	अलमारी	0.75410	224.30855296529046
88	3	जिसको	0.20924	145.6171059305808
88	4	नीम	0.21062	200.05665267703773
88	5	के	0.13831	123.30855296529046
88	6	पेड़	0.71157	356.5628739731528
88	7	के	0.09645	145.61710593058092
88	8	नीचे	0.38014	200.05665267703785
88	9	बनाया	0.88983	428.17890196136955
88	10	था	0.12714	123.30855296529035
88	11	उस	0.51426	336.21880166638834
88	12	बढ़ई	0.20797	586.5388733273803
88	13	ने	0.16327	167.9256588958715
88	14	लकड़ी	0.71181	881.3211213967311
88	15	की	1.00073	728.3698858536022
88	16	है।	0.47276	361.1123046243529
90	1	वह	0.00071	51.0
90	2	दुकानदार	0.20160	174.30855296529043
90	3	जिसने	0.00891	51.00000000000003
90	4	पुरानी	0.09365	51.0
90	5	बन्दूक	0.97647	196.6171059305808
90	6	इस	0.00761	51.0
90	7	साल	0.39732	218.92565889587127
90	8	एक-दो	0.03336	51.0
90	9	बार	0.45459	241.2342118611616
90	10	म्यूजियम	0.82475	51.0
90	11	में	0.00975	123.30855296529035
90	12	दिखायी	1.98284	1350.955121035696
90	13	थी	0.00220	123.30855296529035
90	14	मशहूर	0.13998	244.57055928758746
90	15	संग्रहकर्ता	0.17105	556.8522951091809
90	16	है।	0.56752	251.04678556684576
92	1	वह	0.00071	51.0
92	2	दुकानदार	0.20160	174.30855296529043
92	3	जिसने	0.00891	51.00000000000003
92	4	इस	0.01067	51.0
92	5	साल	0.55950	196.6171059305808
92	6	एक-दो	0.02214	51.0
92	7	बार	0.40702	218.92565889587127
92	8	म्यूजियम	0.92161	51.0
92	9	में	0.00975	123.30855296529046
92	10	दिखायी	1.75947	1094.6169214665106
92	11	थी	0.00220	123.30855296529035
92	12	पुरानी	0.13939	197.78527964379373
92	13	बन्दूक	0.17115	471.8934263250567
92	14	मशहूर	0.55323	337.80219417328544
92	15	संग्रहकर्ता	0.17442	808.8180769915384
92	16	है।	0.56752	292.11268495833747
94	1	वह	0.00071	51.0
94	2	बन्दूक	0.20173	174.30855296529043
94	3	जिसको	0.00893	51.00000000000003
94	4	उस	0.02087	51.0
94	5	दुकानदार	0.65485	196.6171059305808
94	6	ने	0.01344	123.30855296529046
94	7	इस	0.00519	101.0
94	8	साल	0.30173	218.92565889587127
94	9	एक-दो	0.02220	51.0
94	10	बार	0.40967	241.2342118611615
94	11	म्यूजियम	0.92161	51.0
94	12	में	0.00975	145.61710593058092
94	13	दिखाया	2.00942	1379.4203254144945
94	14	था	0.00218	123.30855296529035
94	15	अंग्रेज़ो	0.08549	197.78527964379373
94	16	के	0.65981	167.92565889587104
94	17	ज़माने	0.25841	675.1700983153169
94	18	की	0.98127	373.2256132754419
94	19	है।	0.45066	277.4440207655898
96	1	वह	0.00071	51.0
96	2	बन्दूक	0.20173	174.30855296529043
96	3	जिसको	0.00893	51.00000000000003
96	4	इस	0.01068	51.0
96	5	साल	0.55991	196.6171059305808
96	6	एक-दो	0.02214	51.0
96	7	बार	0.40702	218.92565889587127
96	8	म्यूजियम	0.92161	51.0
96	9	में	0.00975	123.30855296529046
96	10	दिखाया	1.75311	1094.6169214665106
96	11	था	0.00218	123.30855296529035
96	12	उस	0.20854	291.35583893138164
96	13	दुकानदार	0.15998	505.68260436302717
96	14	ने	0.16327	145.6171059305807
96	15	अंग्रेज़ो	0.73701	309.9745781894512
96	16	के	0.32497	167.92565889587104
96	17	ज़माने	0.41842	972.622768866675
96	18	की	0.98127	470.63813215945356
96	19	है।	0.45066	324.59362224349115
98	1	वह	0.00071	51.0
98	2	प्रोफेसर	0.20125	174.30855296529043
98	3	जिसने	0.00894	51.00000000000003
98	4	पहेली	0.07692	51.0
98	5	क्लास	0.92796	196.6171059305808
98	6	में	0.01161	123.30855296529046
98	7	सुलझाई	1.28829	669.5958665535985
98	8	थी	0.00221	123.30855296529035
98	9	गणित	0.12821	291.3558389313814
98	10	बहुत	0.42477	221.93652087260534
98	11	अच्छा	0.17856	235.83929199468594
98	12	पढ़ाते	0.22084	345.92652840714845
98	13	हैं।	0.13605	145.6171059305807
100	1	वह	0.00071	51.0
100	2	प्रोफेसर	0.20125	174.30855296529043
100	3	जिसने	0.00894	51.00000000000003
100	4	क्लास	1.16995	196.6171059305808
100	5	में	0.01139	123.30855296529046
100	6	सुलझाई	1.01819	477.54969187468475
100	7	थी	0.00221	123.30855296529035
100	8	पहेली	0.16603	197.78527964379396
100	9	गणित	0.23847	343.53605579503414
100	10	बहुत	0.58347	237.43621723153638
100	11	अच्छा	0.17856	249.93525798540554
100	12	पढ़ाते	0.22084	372.15261565627634
100	13	हैं।	0.13605	145.6171059305807
102	1	वह	0.00071	51.0
102	2	पहेली	0.20173	174.30855296529043
102	3	जिसको	0.00893	51.00000000000003
102	4	उस	0.02087	51.0
102	5	प्रोफेसर	0.65608	196.6171059305808
102	6	ने	0.01345	123.30855296529046
102	7	क्लास	0.67876	101.0
102	8	में	0.01220	145.6171059305808
102	9	सुलझाया	1.57127	895.6554648046501
102	10	था	0.00219	123.30855296529035
102	11	बहुत	0.10178	197.78527964379396
102	12	कठिन	0.17550	215.17868526501115
102	13	थी।	0.41820	308.717143793644
104	1	वह	0.00071	51.0
104	2	पहेली	0.20173	174.30855296529043
104	3	जिसको	0.00893	51.00000000000003
104	4	क्लास	1.16880	196.6171059305808
104	5	में	0.01139	123.30855296529046
104	6	सुलझाया	1.01866	477.54969187468475
104	7	था	0.00219	123.30855296529035
104	8	उस	0.20980	244.57055928758768
104	9	प्रोफेसर	0.16063	353.92614755459044
104	10	ने	0.16328	145.61710593058092
104	11	बहुत	0.58724	300.6896972323168
104	12	कठिन	0.22820	262.2849151185146
104	13	थी।	0.41820	395.48949380375825
106	1	वह	0.00071	51.0
106	2	ग्राहक	0.20192	174.30855296529043
106	3	जिसने	0.00893	51.00000000000003
106	4	कमीज	1.16978	196.6171059305808
106	5	बहुत	0.04600	51.0
106	6	जल्दीबाजी	0.59149	218.92565889587127
106	7	में	0.01139	123.30855296529046
106	8	खरीदी	1.23532	682.1097982404541
106	9	थी	0.00221	123.30855296529035
106	10	इस	0.30010	244.57055928758768
106	11	दुकान	0.16445	421.5681967394539
106	12	में	0.14869	145.6171059305807
106	13	कई	0.56859	406.89419421075036
106	14	बार	0.20789	744.3121663443148
106	15	आ	0.63079	443.1915038395168
106	16	चुका	0.18988	145.61710593058115
106	17	है।	0.45736	367.0651459006558
108	1	वह	0.00071	51.0
108	2	ग्राहक	0.20192	174.30855296529043
108	3	जिसने	0.00893	51.00000000000003
108	4	बहुत	0.07137	51.0
108	5	जल्दीबाजी	0.87694	196.6171059305808
108	6	में	0.01110	123.30855296529046
108	7	खरीदी	1.29664	669.5958665535985
108	8	थी	0.00221	123.30855296529035
108	9	कमीज	0.12818	291.3558389313814
108	10	इस	0.58394	292.8730417452109
108	11	दुकान	0.16735	506.300951046165
108	12	में	0.14869	145.6171059305807
108	13	कई	0.56859	443.81207179625017
108	14	बार	0.20789	832.5854360762196
108	15	आ	0.63079	477.84514939242536
108	16	चुका	0.18988	145.6171059305807
108	17	है।	0.45736	383.4246730700979
110	1	वह	0.00071	51.0
110	2	कमीज	0.20164	174.30855296529043
110	3	जिसको	0.00893	51.00000000000003
110	4	उस	0.02087	51.0
110	5	ग्राहक	0.65389	196.6171059305808
110	6	ने	0.01344	123.30855296529046
110	7	बहुत	0.03391	101.0
110	8	जल्दीबाजी	0.50478	218.92565889587127
110	9	में	0.01139	145.6171059305808
110	10	खरीदा	1.55594	929.0068749927816
110	11	था	0.00219	123.30855296529035
110	12	जापान	0.08584	197.78527964379373
110	13	में	0.70245	167.9256588958715
110	14	बनती	0.25655	359.05669943843895
110	15	है।	0.80137	247.2358423672954
112	1	वह	0.00071	51.0
112	2	कमीज	0.20164	174.30855296529043
112	3	जिसको	0.00893	51.00000000000003
112	4	बहुत	0.07143	51.0
112	5	जल्दीबाजी	0.87751	196.6171059305808
112	6	में	0.01110	123.30855296529046
112	7	खरीदा	1.29523	669.5958665535985
112	8	था	0.00219	123.30855296529035
112	9	उस	0.20949	244.57055928758768
112	10	ग्राहक	0.16063	353.92614755459044
112	11	ने	0.16319	145.6171059305807
112	12	जापान	0.73820	300.6896972323166
112	13	में	0.34856	167.9256588958715
112	14	बनती	0.48321	441.92246678077026
112	15	है।	0.80137	286.4082427219332
114	1	वह	0.00071	51.0
114	2	लड़का	0.20139	174.30855296529043
114	3	जिसने	0.00893	51.00000000000003
114	4	मोटरसाइकिल	1.16987	196.6171059305808
114	5	पिछले	0.04408	51.0
114	6	हफते	0.95921	551.0316642945904
114	7	खरीदी	0.07626	145.61710593058092
114	8	थी	0.24179	123.30855296529035
114	9	डाक्टरी	0.30727	393.0409181668456
114	10	की	0.21586	123.30855296529035
114	11	पढ़ाई	0.48358	487.7538855132552
114	12	कर	0.08391	145.6171059305807
114	13	रहा	0.13419	298.1699580311133
114	14	है।	0.82102	336.0060925379539
116	1	वह	0.00071	51.0
116	2	लड़का	0.20139	174.30855296529043
116	3	जिसने	0.00893	51.00000000000003
116	4	पिछले	0.08825	51.0
116	5	हफते	0.99636	537.5364587679538
116	6	खरीदी	0.07626	145.6171059305808
116	7	थी	0.24179	123.30855296529046
116	8	मोटरसाइकिल	0.33576	265.0136393889484
116	9	डाक्टरी	0.28515	308.4281574003503
116	10	की	0.14135	123.30855296529035
116	11	पढ़ाई	0.67217	514.1635159545781
116	12	कर	0.08391	145.6171059305807
116	13	रहा	0.13419	298.1699580311133
116	14	है।	0.82102	343.2840709894858
118	1	वह	0.00071	51.0
118	2	मोटरसाइकिल	0.20168	174.30855296529043
118	3	जिसको	0.00892	51.00000000000003
118	4	उस	0.02087	51.0
118	5	लड़के	0.65505	196.6171059305808
118	6	ने	0.01345	123.30855296529046
118	7	पिछले	0.03237	101.0
118	8	हफते	1.18670	779.8074791568455
118	9	खरीदा	0.07625	145.61710593058092
118	10	था	0.23958	123.30855296529035
118	11	बजाज	0.34710	265.0136393889484
118	12	की	0.66864	145.6171059305807
118	13	नई	0.31086	381.05321237998214
118	14	पेशकश	0.28020	470.40202624659287
118	15	है।	0.58941	277.1966827888409
120	1	वह	0.00071	51.0
120	2	मोटरसाइकिल	0.20168	174.30855296529043
120	3	जिसको	0.00892	51.00000000000003
120	4	पिछले	0.08833	51.0
120	5	हफते	0.99641	537.5364587679538
120	6	खरीदा	0.07625	145.6171059305808
120	7	था	0.23958	123.30855296529046
120	8	उस	0.37189	329.027278777897
120	9	लड़के	0.20733	316.1734635829996
120	10	ने	0.16332	123.30855296529035
120	11	बजाज	0.76068	308.6896638218177
120	12	की	0.32983	145.6171059305807
120	13	नई	0.48244	454.2217188659988
120	14	पेशकश	0.28020	574.9968311861317
120	15	है।	0.58941	310.9555695262716
122	1	वह	0.00071	51.0
122	2	बच्ची	0.20169	174.30855296529043
122	3	जिसने	0.00892	51.00000000000003
122	4	डिब्बी	1.16992	196.6171059305808
122	5	धीरे	0.09735	51.0
122	6	से	1.02750	51.0
122	7	चुपके-चुपके	0.54376	51.0
122	8	खोली	1.35142	920.6942901181019
122	9	थी	0.00336	123.30855296529035
122	10	बहुत	0.14140	197.78527964379396
122	11	शरारती	0.21725	215.1786852650116
122	12	है।	0.21261	229.858571896822
124	1	वह	0.00071	51.0
124	2	बच्ची	0.20169	174.30855296529043
124	3	जिसने	0.00892	51.00000000000003
124	4	धीरे	0.14376	51.0
124	5	से	0.75182	51.0
124	6	चुपके-चुपके	0.54376	51.0
124	7	खोली	1.40159	910.8207512500302
124	8	थी	0.00336	123.30855296529035
124	9	डिब्बी	0.18739	244.57055928758768
124	10	बहुत	0.46429	218.64204918486348
124	11	शरारती	0.22003	232.90857074504106
124	12	है।	0.21261	245.77234622390552
126	1	वह	0.00071	51.0
126	2	डिब्बी	0.20173	174.30855296529043
126	3	जिसको	0.00893	51.00000000000003
126	4	उस	0.02087	51.0
126	5	बच्ची	0.65471	196.6171059305808
126	6	ने	0.01344	123.30855296529046
126	7	धीरे	0.07191	101.0
126	8	से	0.57735	51.0
126	9	चुपके-चुपके	0.54376	51.0
126	10	खोला	1.59562	1161.7183570016923
126	11	था	0.00333	123.30855296529035
126	12	मेरी	0.22344	244.57055928758746
126	13	दादी	0.23450	353.92614755459044
126	14	की	0.77179	330.21107217803956
126	15	है।	0.47816	257.07280225470595
128	1	वह	0.00071	51.0
128	2	डिब्बी	0.20173	174.30855296529043
128	3	जिसको	0.00893	51.00000000000003
128	4	धीरे	0.14388	51.0
128	5	से	0.75182	51.0
128	6	चुपके-चुपके	0.54376	51.0
128	7	खोला	1.39884	910.8207512500302
128	8	था	0.00333	123.30855296529035
128	9	उस	0.23107	244.57055928758768
128	10	बच्ची	0.21970	286.28409836972696
128	11	ने	0.16322	123.30855296529057
128	12	मेरी	0.65721	391.3709419590168
128	13	दादी	0.30063	484.9508335578539
128	14	की	0.77179	412.7154261939286
128	15	है।	0.47816	296.4342729224568
130	1	वह	0.00071	51.0
130	2	आदमी	0.20192	174.30855296529043
130	3	जिसने	0.00896	51.00000000000003
130	4	टाई	1.17147	196.6171059305808
130	5	बड़ी	0.04535	51.0
130	6	स्टाईल	0.66016	218.92565889587127
130	7	से	0.01303	123.30855296529046
130	8	पहनी	1.23285	682.1097982404541
130	9	हुई	0.00234	123.30855296529035
130	10	थी	0.04138	244.57055928758768
130	11	हमारे	0.20075	286.28409836972696
130	12	कालेज	0.17575	494.3734533629063
130	13	में	0.14904	145.6171059305807
130	14	काम	0.66194	794.763295236372
130	15	करता	0.91413	443.36820569938027
130	16	है।	0.51139	311.3006442505766
132	1	वह	0.00071	51.0
132	2	आदमी	0.20192	174.30855296529043
132	3	जिसने	0.00896	51.00000000000003
132	4	बड़ी	0.09072	51.0
132	5	स्टाईल	0.97622	196.6171059305808
132	6	से	0.01269	123.30855296529046
132	7	पहनी	1.29433	669.5958665535985
132	8	हुई	0.00234	123.30855296529035
132	9	थी	0.04138	244.57055928758768
132	10	टाई	0.13007	353.92614755459044
132	11	हमारे	0.48285	330.21107217803956
132	12	कालेज	0.17931	575.2912090188233
132	13	में	0.14904	145.6171059305807
132	14	काम	0.66194	886.0942875726514
132	15	करता	0.91413	479.2255155970033
132	16	है।	0.51139	328.7903457444345
134	1	वह	0.00071	51.0
134	2	टाई	0.20178	174.30855296529043
134	3	जिसको	0.00893	51.00000000000003
134	4	उस	0.02087	51.0
134	5	आदमी	0.65373	196.6171059305808
134	6	ने	0.01345	123.30855296529046
134	7	बड़ी	0.03343	101.0
134	8	स्टाईल	0.53540	218.92565889587127
134	9	से	0.01303	145.6171059305808
134	10	पहना	1.55620	929.0068749927816
134	11	हुआ	0.00232	123.30855296529035
134	12	था	0.04160	244.57055928758746
134	13	आज	0.13101	421.5681967394539
134	14	कल	0.48937	617.0799600377927
134	15	फैशन	0.51099	878.7297869450535
134	16	में	0.21469	167.9256588958715
134	17	है।	0.42098	360.41237744312093
136	1	वह	0.00071	51.0
136	2	टाई	0.20178	174.30855296529043
136	3	जिसको	0.00893	51.00000000000003
136	4	बड़ी	0.09080	51.0
136	5	स्टाईल	0.97686	196.6171059305808
136	6	से	0.01269	123.30855296529046
136	7	पहना	1.29491	669.5958665535985
136	8	हुआ	0.00232	123.30855296529035
136	9	था	0.04160	244.57055928758768
136	10	उस	0.21189	286.28409836972696
136	11	आदमी	0.16075	408.5300900221796
136	12	ने	0.16311	145.6171059305807
136	13	आज	0.66316	661.6866476638033
136	14	कल	0.85802	844.4246959490938
136	15	फैशन	0.51099	1145.5103194316162
136	16	में	0.21469	167.9256588958715
136	17	है।	0.42098	402.9366306149559
138	1	वह	0.00071	51.0
138	2	औरत	0.20173	174.30855296529043
138	3	जिसने	0.00892	51.00000000000003
138	4	लाल	0.01450	51.0
138	5	गाड़ी	0.97953	174.30855296529046
138	6	पिछले	0.05576	51.0
138	7	महीने	0.66666	196.6171059305808
138	8	खरीदी	1.73903	781.9005682029325
138	9	थी	0.00454	123.30855296529035
138	10	मेरे	0.25335	244.57055928758768
138	11	बेटे	0.29251	353.9261475545902
138	12	की	0.14047	123.30855296529035
138	13	टीचर	0.78163	595.3671985090732
138	14	है।	0.80732	273.6465687139462
140	1	वह	0.00071	51.0
140	2	औरत	0.20173	174.30855296529043
140	3	जिसने	0.00892	51.00000000000003
140	4	पिछले	0.08825	51.0
140	5	महीने	0.96378	196.6171059305808
140	6	खरीदी	1.29375	569.3836828871933
140	7	थी	0.00454	123.30855296529035
140	8	लाल	0.22506	244.57055928758768
140	9	गाड़ी	0.28891	353.92614755459044
140	10	मेरे	0.68019	330.21107217803933
140	11	बेटे	0.29604	575.2912090188233
140	12	की	0.14047	123.30855296529035
140	13	टीचर	0.78163	882.1107570369818
140	14	है।	0.80732	314.3292139927994
142	1	वह	0.00054	51.0
142	2	लाल	0.00421	51.0
142	3	गाड़ी	0.42390	174.30855296529046
142	4	जिसको	0.01896	51.0
142	5	उस	0.02992	51.0
142	6	औरत	0.88782	174.30855296529046
142	7	ने	0.01345	123.30855296529046
142	8	पिछले	0.03238	101.0
142	9	महीने	0.52697	196.6171059305808
142	10	खरीदा	2.30426	1041.8024291939673
142	11	था	0.00449	123.30855296529035
142	12	लोगो	0.24551	291.35583893138164
142	13	में	0.22662	145.6171059305807
142	14	काफी	0.50797	284.3119056916835
142	15	लोकप्रिय	0.31675	343.1182072800275
142	16	है।	0.24299	263.1409377630148
144	1	वह	0.00071	51.0
144	2	लाल	0.05211	51.0
144	3	गाड़ी	0.80796	322.1980044095982
144	4	जिसको	0.01618	51.0
144	5	पिछले	0.12897	51.0
144	6	महीने	1.49075	322.1980044095982
144	7	खरीदा	1.23548	401.73097003361636
144	8	था	0.00449	123.30855296529035
144	9	उस	0.25628	244.57055928758768
144	10	औरत	0.27769	286.28409836972696
144	11	ने	0.16328	123.30855296529035
144	12	लोगो	0.78124	486.5564129385252
144	13	में	0.10314	145.6171059305807
144	14	काफी	0.82109	324.40660785238197
144	15	लोकप्रिय	0.31675	418.6335058889049
144	16	है।	0.24299	299.2972023486468
146	1	वह	0.00071	51.0
146	2	डाक्टर	0.20172	174.30855296529043
146	3	जिसने	0.00894	51.00000000000003
146	4	दवाईयां	1.17056	196.6171059305808
146	5	कल	0.86138	51.0
146	6	शाम	1.50661	241.2342118611616
146	7	फेकीं	1.23132	586.5879491645542
146	8	थीं	0.00464	123.30855296529035
146	9	बहुत	0.18123	197.78527964379373
146	10	होशियार	0.25993	215.17868526501138
146	11	है।	0.23992	229.85857189682224
148	1	वह	0.00071	51.0
148	2	डाक्टर	0.20172	174.30855296529043
148	3	जिसने	0.00894	51.00000000000003
148	4	कल	1.17425	196.6171059305808
148	5	शाम	0.86663	51.0
148	6	फेकीं	1.23157	551.0316642945904
148	7	थीं	0.00464	123.30855296529035
148	8	दवाईयां	0.24559	338.14111857517537
148	9	बहुत	0.50546	225.08463517553196
148	10	होशियार	0.26525	238.66395369032534
148	11	है।	0.24309	251.06955070433378
150	1	वह	0.00071	51.0
150	2	दवाईयां	0.20180	174.30855296529043
150	3	जिनको	0.00893	51.00000000000003
150	4	उस	0.02087	51.0
150	5	डाक्टर	0.65459	196.6171059305808
150	6	ने	0.01345	123.30855296529046
150	7	कल	0.67117	101.0
150	8	शाम	0.68963	51.0
150	9	फेका	1.80581	962.9599736336658
150	10	था	0.00450	123.30855296529035
150	11	खराब	0.22512	197.78527964379396
150	12	हो	0.22766	279.35737053002276
150	13	गईं	0.10340	145.6171059305807
150	14	थीं।	0.15638	298.1699580311133
152	1	वह	0.00071	51.0
152	2	दवाईयां	0.20180	174.30855296529043
152	3	जिनको	0.00893	51.00000000000003
152	4	कल	1.17336	196.6171059305808
152	5	शाम	0.86663	51.0
152	6	फेका	1.23178	551.0316642945904
152	7	था	0.00450	123.30855296529035
152	8	उस	0.25662	244.57055928758768
152	9	डाक्टर	0.27806	421.5681967394539
152	10	ने	0.16327	123.30855296529035
152	11	खराब	0.64157	302.8843070442945
152	12	हो	0.37401	377.69913282194057
152	13	गईं	0.10340	145.6171059305807
152	14	थीं।	0.15638	298.1699580311133
154	1	वह	0.00071	51.0
154	2	इंजीनियर	0.20143	174.30855296529043
154	3	जिसने	0.00892	51.00000000000003
154	4	वह	0.02038	51.0
154	5	बिल्डिंग	0.66509	196.6171059305808
154	6	बहुत	0.07545	51.0
154	7	धीरे-धीरे	0.38524	51.0
154	8	बनायी	1.38912	932.5571684265944
154	9	थी	0.00334	123.30855296529035
154	10	मरे	0.09353	244.57055928758768
154	11	दोस्त	0.35022	353.9261475545902
154	12	की	0.27524	123.30855296529035
154	13	कंपनी	0.46946	595.3671985090732
154	14	में	0.10348	145.6171059305807
154	15	काम	0.91515	851.9812680441555
154	16	करता	0.94006	623.2214465897728
154	17	है।	0.53803	326.66607752243453
156	1	वह	0.00071	51.0
156	2	इंजीनियर	0.20143	174.30855296529043
156	3	जिसने	0.00892	51.00000000000003
156	4	बहुत	0.14608	51.0
156	5	धीरे-धीरे	0.27439	51.0
156	6	बनायी	1.21333	717.5967190957491
156	7	थी	0.00334	123.30855296529035
156	8	वह	0.23150	244.57055928758768
156	9	बिल्डिंग	0.21868	286.28409836972696
156	10	मरे	0.67995	322.68672668145337
156	11	दोस्त	0.36118	458.67110970525073
156	12	की	0.27524	123.30855296529035
156	13	कंपनी	0.46946	717.6812715862848
156	14	में	0.10348	145.6171059305807
156	15	काम	0.91515	993.295174047963
156	16	करता	0.94006	706.7226946472874
156	17	है।	0.53803	354.00388663871854
158	1	हमारी	0.00074	51.0
158	2	बिल्डिंग	0.60307	51.0
158	3	जिसको	0.01440	51.0
158	4	उस	0.02087	51.0
158	5	इंजीनियर	0.65530	196.6171059305808
158	6	ने	0.01343	123.30855296529046
158	7	बहुत	0.07551	101.0
158	8	धीरे-धीरे	0.20777	51.0
158	9	बनाया	1.70960	1186.4634272879441
158	10	था	0.00329	123.30855296529035
158	11	बहुत	0.13964	244.5705592875879
158	12	सुनसान	0.21506	218.64204918486348
158	13	इलाके	0.25120	396.7257122351234
158	14	में	0.14851	145.6171059305807
158	15	है।	0.59565	312.7553237613329
160	1	हमारी	0.00074	51.0
160	2	बिल्डिंग	0.60307	51.0
160	3	जिसको	0.01440	51.0
160	4	बहुत	0.14621	51.0
160	5	धीरे-धीरे	0.27439	51.0
160	6	बनाया	1.52481	910.8207512500303
160	7	था	0.00329	123.30855296529035
160	8	उस	0.22833	197.78527964379373
160	9	इंजीनियर	0.21764	279.35737053002276
160	10	ने	0.16313	123.30855296529035
160	11	बहुत	0.62551	385.7824435534353
160	12	सुनसान	0.26775	259.6866692022695
160	13	इलाके	0.25120	510.33543035866796
160	14	में	0.14851	145.6171059305807
160	15	है।	0.59565	346.724931669954
162	1	वह	0.00071	51.0
162	2	लड़की	0.20150	174.30855296529043
162	3	जिसने	0.00893	51.00000000000003
162	4	सारी	0.07310	51.0
162	5	फाइलें	0.87080	196.6171059305808
162	6	पिछले	0.04237	51.0
162	7	हफते	1.17140	743.1407004113612
162	8	शाम	0.16923	167.92565889587127
162	9	के	0.27095	123.30855296529035
162	10	समय	0.36837	244.57055928758768
162	11	उठायीं	0.39954	364.7317713203563
162	12	थीं	0.08702	123.30855296529035
162	13	बहुत	0.63778	308.07217306684424
162	14	अच्छा	0.20484	387.49767019929277
162	15	गाना	0.24128	684.1280087956211
162	16	गाती	0.67546	619.9988838884115
162	17	है।	0.46604	325.61417022787464
164	1	वह	0.00071	51.0
164	2	लड़की	0.20150	174.30855296529043
164	3	जिसने	0.00893	51.00000000000003
164	4	पिछले	0.08825	51.0
164	5	हफते	0.99629	537.5364587679538
164	6	शाम	0.16923	145.6171059305808
164	7	के	0.27095	123.30855296529046
164	8	समय	0.36837	244.57055928758768
164	9	उठायीं	0.39954	362.0506808976336
164	10	थीं	0.08702	123.30855296529035
164	11	सारी	0.60018	306.9273084375418
164	12	फाइलें	0.20686	502.49656589190727
164	13	बहुत	0.59822	287.4963530271125
164	14	अच्छा	0.20761	443.8256826448246
164	15	गाना	0.24128	793.0926899659421
164	16	गाती	0.67546	700.1466841934789
164	17	है।	0.46604	351.8459982814202
166	1	वह	0.00071	51.0
166	2	फाइलें	0.20159	174.30855296529043
166	3	जिनको	0.00891	51.00000000000003
166	4	उस	0.02087	51.0
166	5	लड़की	0.65516	196.6171059305808
166	6	ने	0.01344	123.30855296529046
166	7	पिछले	0.03239	101.0
166	8	हफते	1.18677	779.8074791568455
166	9	शाम	0.16923	167.92565889587127
166	10	के	0.27095	145.61710593058092
166	11	समय	0.36837	298.1699580311131
166	12	उठाया	0.39969	373.54278511346774
166	13	था	0.08433	123.30855296529035
166	14	दो	0.59445	311.8655058845902
166	15	साल	0.20830	638.3850797978894
166	16	से	0.16489	190.23421186116184
166	17	एक	0.59999	507.07393704304695
166	18	जगह	0.25931	985.8736808552685
166	19	पर	0.17535	212.54276482645218
166	20	सड़	0.67046	801.4718758908348
166	21	रहीं	0.08820	145.6171059305807
166	22	थीं।	0.12743	298.1699580311133
168	1	वह	0.00071	51.0
168	2	फाइलें	0.20159	174.30855296529043
168	3	जिनको	0.00891	51.00000000000003
168	4	पिछले	0.08834	51.0
168	5	हफते	0.99653	537.5364587679538
168	6	शाम	0.16923	145.6171059305808
168	7	के	0.27095	123.30855296529046
168	8	समय	0.36837	244.57055928758768
168	9	उठाया	0.39969	362.0506808976336
168	10	था	0.08433	123.30855296529035
168	11	उस	0.64556	412.8546168750836
168	12	लड़की	0.20739	515.4898310426111
168	13	ने	0.16316	167.92565889587104
168	14	दो	0.60168	349.04826687707737
168	15	साल	0.25783	781.3837774680842
168	16	से	0.16489	190.23421186116138
168	17	एक	0.59999	574.1257222884851
168	18	जगह	0.25931	1150.0027409801824
168	19	पर	0.17535	212.54276482645218
168	20	सड़	0.67046	896.225342571287
168	21	रहीं	0.08820	145.6171059305807
168	22	थीं।	0.12743	298.1699580311133
170	1	वह	0.00071	51.0
170	2	हलवाई	0.20173	174.30855296529043
170	3	जिसने	0.00892	51.00000000000003
170	4	कढाई	0.09194	51.0
170	5	बड़ी	0.62546	51.0
170	6	सावधानी	1.09646	395.92912833426476
170	7	से	0.01270	123.30855296529046
170	8	पकड़ी	1.29139	697.1963600849622
170	9	थी	0.00221	123.30855296529035
170	10	इस	0.30001	244.57055928758768
170	11	मोहल्ले	0.16439	353.92614755459067
170	12	में	0.14901	145.6171059305807
170	13	एक	0.57858	300.6896972323166
170	14	नई	0.23896	484.8547453555434
170	15	दुकान	0.19863	674.3075366338671
170	16	खोल	0.65284	458.86844932454323
170	17	रहा	0.17921	145.6171059305807
170	18	है।	0.45055	374.4427550262244
172	1	वह	0.00071	51.0
172	2	हलवाई	0.20173	174.30855296529043
172	3	जिसने	0.00892	51.00000000000003
172	4	बड़ी	0.09072	51.0
172	5	सावधानी	0.97498	196.6171059305808
172	6	से	0.01270	123.30855296529046
172	7	पकड़ी	1.29139	669.5958665535985
172	8	थी	0.00221	123.30855296529035
172	9	कढाई	0.06504	244.57055928758768
172	10	इस	0.49246	286.28409836972696
172	11	मोहल्ले	0.15468	408.5300900221796
172	12	में	0.14901	145.6171059305807
172	13	एक	0.57858	316.1716619159506
172	14	नई	0.23896	402.8879546738508
172	15	दुकान	0.19863	713.7556914421093
172	16	खोल	0.65284	641.739762350905
172	17	रहा	0.17921	145.6171059305807
172	18	है।	0.45055	387.89446497654444
174	1	वह	0.00054	51.0
174	2	कढाई	0.75410	224.30855296529046
174	3	जिसको	0.20924	145.6171059305808
174	4	उस	0.26311	200.05665267703773
174	5	हलवाई	0.22969	217.02091398756863
174	6	ने	0.16328	123.30855296529046
174	7	बड़ी	0.58895	291.37532636599474
174	8	सावधानी	0.28070	356.164364463963
174	9	से	0.16514	145.61710593058092
174	10	पकड़ा	0.67543	453.2501468181424
174	11	था	0.08459	123.30855296529035
174	12	असली	0.59771	494.48762804362104
174	13	पीतल	0.21891	633.5355704573599
174	14	से	0.16515	167.92565889587104
174	15	बनी	0.67441	755.6346893604277
174	16	है।	0.82371	353.6468120237805
176	1	वह	0.00054	51.0
176	2	कढाई	0.75410	224.30855296529046
176	3	जिसको	0.20924	145.6171059305808
176	4	बड़ी	0.21287	200.05665267703773
176	5	सावधानी	0.24688	217.02091398756863
176	6	से	0.16514	123.30855296529046
176	7	पकड़ा	0.67543	381.75065273198913
176	8	था	0.08459	123.30855296529035
176	9	उस	0.65184	315.43863590465617
176	10	हलवाई	0.20797	401.4908943999119
176	11	ने	0.16328	145.6171059305807
176	12	असली	0.58888	494.3473053161779
176	13	पीतल	0.28041	633.3307722636482
176	14	से	0.16515	167.9256588958715
176	15	बनी	0.67441	755.4403029016075
176	16	है।	0.82371	353.5830180385319
178	1	वह	0.00071	51.0
178	2	कुली	1.01695	174.30855296529043
178	3	जिसने	0.01340	51.00000000000003
178	4	बड़ी	0.13244	51.0
178	5	अटैची	1.43176	322.1980044095982
178	6	एक	0.02780	51.0
178	7	झटके	0.62192	196.6171059305808
178	8	में	0.01160	123.30855296529046
178	9	उठा	1.42513	687.7795920736703
178	10	ली	0.00245	123.30855296529035
178	11	थी	0.04016	244.5705592875879
178	12	रात	0.12954	353.92614755459044
178	13	में	0.22775	145.6171059305807
178	14	टैक्सी	0.48931	599.7587889292663
178	15	चलाता	0.85826	398.40839034019064
178	16	है।	0.44530	289.52978998485423
180	1	वह	0.00071	51.0
180	2	कुली	1.01695	174.30855296529043
180	3	जिसने	0.01340	51.00000000000003
180	4	एक	0.06571	51.0
180	5	झटके	1.03312	174.30855296529046
180	6	में	0.01130	123.30855296529046
180	7	उठा	1.43161	666.9031391437949
180	8	ली	0.00245	123.30855296529035
180	9	थी	0.04016	244.57055928758768
180	10	बड़ी	0.14304	218.64204918486348
180	11	अटैची	0.17112	314.81714149008235
180	12	रात	0.66306	447.6980765456897
180	13	में	0.21397	145.6171059305807
180	14	टैक्सी	0.51144	707.8920747800257
180	15	चलाता	0.85826	450.8573590059227
180	16	है।	0.44530	314.9457065746774
182	1	वह	0.00054	51.0
182	2	बड़ी	0.02633	51.0
182	3	अटैची	0.37683	174.30855296529046
182	4	जिसको	0.01603	51.0
182	5	उस	0.02087	51.0
182	6	कुली	0.65454	196.6171059305808
182	7	ने	0.01345	123.30855296529046
182	8	एक	0.01596	101.0
182	9	झटके	0.44204	218.92565889587127
182	10	में	0.01160	145.6171059305808
182	11	उठा	2.10933	1169.421205118251
182	12	लिया	0.00243	123.30855296529035
182	13	था	0.04042	244.5705592875879
182	14	ट्रेन	0.12947	421.5681967394539
182	15	में	0.22814	167.9256588958715
182	16	गुम	0.41470	408.9980536731159
182	17	हो	0.31919	390.3240135783549
182	18	गयी।	0.12708	167.9256588958715
184	1	वह	0.00054	51.0
184	2	बड़ी	0.02633	51.0
184	3	अटैची	0.37683	174.30855296529046
184	4	जिसको	0.01603	51.0
184	5	एक	0.04556	51.0
184	6	झटके	0.77026	196.6171059305808
184	7	में	0.01130	123.30855296529046
184	8	उठा	1.85235	881.7806862098915
184	9	लिया	0.00243	123.30855296529035
184	10	था	0.04042	244.57055928758768
184	11	उस	0.21119	218.6420491848637
184	12	कुली	0.16005	396.7257122351234
184	13	ने	0.16328	145.6171059305807
184	14	ट्रेन	0.66355	648.021295045331
184	15	में	0.10386	167.9256588958715
184	16	गुम	0.71590	487.0173373623552
184	17	हो	0.31919	465.42652865424907
184	18	गयी।	0.12708	167.9256588958715
186	1	वह	0.00071	51.0
186	2	अध्यापक	0.20181	174.30855296529043
186	3	जिसने	0.00892	51.00000000000003
186	4	किताबें	1.16975	196.6171059305808
186	5	पिछले	0.04414	51.0
186	6	साल	0.64540	218.92565889587127
186	7	गर्मियों	0.90791	51.0
186	8	में	0.00976	123.30855296529046
186	9	बेचीं	1.44691	870.1184447347431
186	10	थीं	0.00226	123.30855296529035
186	11	बरेली	0.08621	197.78527964379373
186	12	का	0.70494	145.6171059305807
186	13	रहनेवाला	0.25689	356.2776516929043
186	14	वह	0.63418	340.9107778948305
186	15	अध्यापक	0.15185	706.5003091495009
186	16	जिसने	0.63278	428.3982066311323
186	17	पिछले	0.19934	457.0579334555873
186	18	साल	0.19945	1152.8016080660254
186	19	गर्मियों	0.67001	1535.6435515036528
186	20	में	0.21465	167.9256588958715
186	21	बेचीं	0.48469	912.4435013830598
186	22	थीं	0.08732	145.6171059305816
186	23	किताबें	0.49269	2264.998934711555
186	24	बरेली	0.52795	744.8972259735528
186	25	का	0.66818	190.23421186116138
186	26	रहनेवाला	0.27004	1451.8662776117671
186	27	वह	0.63418	1152.6201494298093
186	28	किताबें	0.15189	3303.814576360148
186	29	जिनको	0.63288	1331.943088754142
186	30	उस	0.26753	1790.2972295317886
186	31	अध्यापक	0.18235	4457.113775003512
186	32	ने	0.16329	212.54276482645218
186	33	पिछले	0.55802	1644.376726953713
186	34	साल	0.23324	5618.344937554826
186	35	गर्मियों	0.67001	6744.074240438218
186	36	में	0.21465	234.85131779174117
186	37	बेचा	0.48468	3244.2531642957038
186	38	था	0.08471	167.92565889587422
186	39	पुरानी	0.56532	2742.6609984154566
186	40	हो	0.17357	4085.5923096339393
186	41	रहीं	0.11811	190.2342118611632
186	42	थीं।	0.15954	417.5492793523663
188	1	वह	0.00071	51.0
188	2	किताबें	0.20171	174.30855296529043
188	3	जिनको	0.00893	51.00000000000003
188	4	पिछले	0.08834	51.0
188	5	साल	0.95661	196.6171059305808
188	6	गर्मियों	0.90043	51.0
188	7	में	0.00976	123.30855296529046
188	8	बेचा	1.50962	858.936961974512
188	9	था	0.00219	123.30855296529035
188	10	उस	0.20957	244.57055928758768
188	11	अध्यापक	0.16063	421.5681967394539
188	12	ने	0.16329	145.6171059305807
188	13	पुरानी	0.55692	406.89419421075036
188	14	हो	0.32006	388.32486653772594
188	15	रहीं	0.11811	145.6171059305807
188	16	थीं।	0.15954	298.1699580311133
